"GAME_ID","EVENTNUM","EVENTMSGTYPE","EVENTMSGACTIONTYPE","PERIOD","WCTIMESTRING","PCTIMESTRING","HOMEDESCRIPTION","NEUTRALDESCRIPTION","VISITORDESCRIPTION","SCORE","SCOREMARGIN","PERSON1TYPE","PLAYER1_ID","PLAYER1_NAME","PLAYER1_TEAM_ID","PLAYER1_TEAM_CITY","PLAYER1_TEAM_NICKNAME","PLAYER1_TEAM_ABBREVIATION","PERSON2TYPE","PLAYER2_ID","PLAYER2_NAME","PLAYER2_TEAM_ID","PLAYER2_TEAM_CITY","PLAYER2_TEAM_NICKNAME","PLAYER2_TEAM_ABBREVIATION","PERSON3TYPE","PLAYER3_ID","PLAYER3_NAME","PLAYER3_TEAM_ID","PLAYER3_TEAM_CITY","PLAYER3_TEAM_NICKNAME","PLAYER3_TEAM_ABBREVIATION","VIDEO_AVAILABLE_FLAG","NA"
"2052200040","2","12","0","1","7:05 PM","12:00",NA,"Start of 1st Period (7:05 PM EST)",NA,NA,NA,"0","0",NA,NA,NA,NA,NA,"0","0",NA,NA,NA,NA,NA,"0","0",NA,NA,NA,NA,NA,"0",0
"2052200040","4","10","0","1","7:05 PM","12:00","Jump Ball Williams vs. Silva: Tip to Crutcher",NA,NA,NA,NA,"4","1631109","Mark Williams","1612709922","Greensboro","Swarm","GBO","5","1629735","Chris Silva","1612709929","College Park","Skyhawks","CPS","4","1630622","Jalen Crutcher","1612709922","Greensboro","Swarm","GBO","0",0
"2052200040","7","5","2","1","7:05 PM","11:34","McGowens Lost Ball Turnover (P1.T1)",NA,"Ellison STEAL (1 STL)",NA,NA,"4","1631121","Bryce McGowens","1612709922","Greensboro","Swarm","GBO","5","1630707","Malik Ellison","1612709929","College Park","Skyhawks","CPS","0","0",NA,NA,NA,NA,NA,"0",0
"2052200040","9","2","1","1","7:05 PM","11:27",NA,NA,"MISS Lawson 27' 3PT Jump Shot",NA,NA,"5","1630639","A.J. Lawson","1612709929","College Park","Skyhawks","CPS","0","0",NA,NA,NA,NA,NA,"0","0",NA,NA,NA,NA,NA,"0",0
"2052200040","10","4","0","1","7:05 PM","11:25","Duruji REBOUND (Off:0 Def:1)",NA,NA,NA,NA,"4","1631347","Anthony Duruji","1612709922","Greensboro","Swarm","GBO","0","0",NA,NA,NA,NA,NA,"0","0",NA,NA,NA,NA,NA,"0",0
"2052200040","11","1","108","1","7:06 PM","11:08","Williams 5' Cutting Dunk Shot (2 PTS) (Crutcher 1 AST)",NA,NA,"0 - 2","2","4","1631109","Mark Williams","1612709922","Greensboro","Swarm","GBO","4","1630622","Jalen Crutcher","1612709922","Greensboro","Swarm","GBO","0","0",NA,NA,NA,NA,NA,"0",0
"2052200040","13","1","1","1","7:06 PM","10:49",NA,NA,"Brooks 16' Jump Shot (2 PTS) (Williams 1 AST)","2 - 2","TIE","5","1629717","Armoni Brooks","1612709929","College Park","Skyhawks","CPS","5","1630314","Brandon Williams","1612709929","College Park","Skyhawks","CPS","0","0",NA,NA,NA,NA,NA,"0",0
"2052200040","15","6","2","1","7:06 PM","10:34",NA,NA,"Brooks S.FOUL (P1.T1)",NA,NA,"5","1629717","Armoni Brooks","1612709929","College Park","Skyhawks","CPS","4","1631121","Bryce McGowens","1612709922","Greensboro","Swarm","GBO","1","0",NA,NA,NA,NA,NA,"0",0
"2052200040","17","3","31","1","7:06 PM","10:34","McGowens Free Throw 2PT (2 PTS)",NA,NA,"2 - 4","2","4","1631121","Bryce McGowens","1612709922","Greensboro","Swarm","GBO","0","0",NA,NA,NA,NA,NA,"0","0",NA,NA,NA,NA,NA,"0",0
"2052200040","19","1","1","1","7:07 PM","10:17",NA,NA,"Brooks 3PT Jump Shot (5 PTS) (Williams 2 AST)","5 - 4","-1","5","1629717","Armoni Brooks","1612709929","College Park","Skyhawks","CPS","5","1630314","Brandon Williams","1612709929","College Park","Skyhawks","CPS","0","0",NA,NA,NA,NA,NA,"0",0
"2052200040","21","2","98","1","7:07 PM","10:05","MISS Williams 4' Cutting Layup Shot",NA,"Silva BLOCK (1 BLK)",NA,NA,"4","1631109","Mark Williams","1612709922","Greensboro","Swarm","GBO","0","0",NA,NA,NA,NA,NA,"5","1629735","Chris Silva","1612709929","College Park","Skyhawks","CPS","0",0
"2052200040","23","4","0","1","7:07 PM","10:05","SWARM Rebound",NA,NA,NA,NA,"2","1612709922",NA,NA,NA,NA,NA,"0","0",NA,NA,NA,NA,NA,"0","0",NA,NA,NA,NA,NA,"0",0
"2052200040","25","6","2","1","7:08 PM","9:58",NA,NA,"Williams S.FOUL (P1.T2)",NA,NA,"5","1630314","Brandon Williams","1612709929","College Park","Skyhawks","CPS","4","1631109","Mark Williams","1612709922","Greensboro","Swarm","GBO","1","0",NA,NA,NA,NA,NA,"0",0
"2052200040","27","3","31","1","7:09 PM","9:58","Williams Free Throw 2PT (4 PTS)",NA,NA,"5 - 6","1","4","1631109","Mark Williams","1612709922","Greensboro","Swarm","GBO","0","0",NA,NA,NA,NA,NA,"0","0",NA,NA,NA,NA,NA,"0",0
"2052200040","28","6","1","1","7:09 PM","9:47","Simmons P.FOUL (P1.T1)",NA,NA,NA,NA,"4","1628424","Kobi Simmons","1612709922","Greensboro","Swarm","GBO","5","1630314","Brandon Williams","1612709929","College Park","Skyhawks","CPS","1","0",NA,NA,NA,NA,NA,"0",0
"2052200040","30","1","1","1","7:09 PM","9:42",NA,NA,"Brooks 26' 3PT Jump Shot (8 PTS) (Williams 3 AST)","8 - 6","-2","5","1629717","Armoni Brooks","1612709929","College Park","Skyhawks","CPS","5","1630314","Brandon Williams","1612709929","College Park","Skyhawks","CPS","0","0",NA,NA,NA,NA,NA,"0",0
"2052200040","32","2","6","1","7:09 PM","9:32","MISS McGowens 9' Driving Layup",NA,"Ellison BLOCK (1 BLK)",NA,NA,"4","1631121","Bryce McGowens","1612709922","Greensboro","Swarm","GBO","0","0",NA,NA,NA,NA,NA,"5","1630707","Malik Ellison","1612709929","College Park","Skyhawks","CPS","0",0
"2052200040","33","4","0","1","7:09 PM","9:31",NA,NA,"Silva REBOUND (Off:0 Def:1)",NA,NA,"5","1629735","Chris Silva","1612709929","College Park","Skyhawks","CPS","0","0",NA,NA,NA,NA,NA,"0","0",NA,NA,NA,NA,NA,"0",0
"2052200040","34","2","6","1","7:10 PM","9:25","Williams BLOCK (1 BLK)",NA,"MISS Silva 6' Driving Layup",NA,NA,"5","1629735","Chris Silva","1612709929","College Park","Skyhawks","CPS","0","0",NA,NA,NA,NA,NA,"4","1631109","Mark Williams","1612709922","Greensboro","Swarm","GBO","0",0
"2052200040","36","4","0","1","7:10 PM","9:24","Simmons REBOUND (Off:0 Def:1)",NA,NA,NA,NA,"4","1628424","Kobi Simmons","1612709922","Greensboro","Swarm","GBO","0","0",NA,NA,NA,NA,NA,"0","0",NA,NA,NA,NA,NA,"0",0
"2052200040","59","1","41","1","7:10 PM","9:21","McGowens 3' Running Layup (4 PTS)",NA,NA,"8 - 8","TIE","4","1631121","Bryce McGowens","1612709922","Greensboro","Swarm","GBO","0","0",NA,NA,NA,NA,NA,"0","0",NA,NA,NA,NA,NA,"0",0
"2052200040","69","7","2","1","7:10 PM","9:21",NA,NA,"Williams Violation:Defensive Goaltending",NA,NA,"5","1630314","Brandon Williams","1612709929","College Park","Skyhawks","CPS","0","0",NA,NA,NA,NA,NA,"0","0",NA,NA,NA,NA,NA,"0",0
"2052200040","38","6","2","1","7:10 PM","9:21",NA,NA,"Brooks S.FOUL (P2.T3)",NA,NA,"5","1629717","Armoni Brooks","1612709929","College Park","Skyhawks","CPS","4","1631121","Bryce McGowens","1612709922","Greensboro","Swarm","GBO","1","0",NA,NA,NA,NA,NA,"0",0
"2052200040","40","3","30","1","7:10 PM","9:21","McGowens Free Throw 1PT (5 PTS)",NA,NA,"8 - 9","1","4","1631121","Bryce McGowens","1612709922","Greensboro","Swarm","GBO","0","0",NA,NA,NA,NA,NA,"0","0",NA,NA,NA,NA,NA,"0",0
"2052200040","41","5","2","1","7:10 PM","9:07","Simmons STEAL (1 STL)",NA,"Williams Lost Ball Turnover (P1.T1)",NA,NA,"5","1630314","Brandon Williams","1612709929","College Park","Skyhawks","CPS","4","1628424","Kobi Simmons","1612709922","Greensboro","Swarm","GBO","0","0",NA,NA,NA,NA,NA,"0",0
"2052200040","43","1","9","1","7:10 PM","9:03","Simmons 3' Driving Dunk (2 PTS)",NA,NA,"8 - 11","3","4","1628424","Kobi Simmons","1612709922","Greensboro","Swarm","GBO","0","0",NA,NA,NA,NA,NA,"0","0",NA,NA,NA,NA,NA,"0",0
"2052200040","44","2","101","1","7:11 PM","8:51",NA,NA,"MISS Brooks 10' Driving Floating Jump Shot",NA,NA,"5","1629717","Armoni Brooks","1612709929","College Park","Skyhawks","CPS","0","0",NA,NA,NA,NA,NA,"0","0",NA,NA,NA,NA,NA,"0",0
"2052200040","45","4","0","1","7:11 PM","8:48","Williams REBOUND (Off:0 Def:1)",NA,NA,NA,NA,"4","1631109","Mark Williams","1612709922","Greensboro","Swarm","GBO","0","0",NA,NA,NA,NA,NA,"0","0",NA,NA,NA,NA,NA,"0",0
"2052200040","46","2","6","1","7:11 PM","8:39","MISS Simmons 5' Driving Layup",NA,NA,NA,NA,"4","1628424","Kobi Simmons","1612709922","Greensboro","Swarm","GBO","0","0",NA,NA,NA,NA,NA,"0","0",NA,NA,NA,NA,NA,"0",0
"2052200040","47","4","0","1","7:11 PM","8:38",NA,NA,"Skyhawks Rebound",NA,NA,"3","1612709929",NA,NA,NA,NA,NA,"0","0",NA,NA,NA,NA,NA,"0","0",NA,NA,NA,NA,NA,"0",0
"2052200040","48","1","101","1","7:11 PM","8:27",NA,NA,"Williams 6' Driving Floating Jump Shot (2 PTS)","10 - 11","1","5","1630314","Brandon Williams","1612709929","College Park","Skyhawks","CPS","0","0",NA,NA,NA,NA,NA,"0","0",NA,NA,NA,NA,NA,"0",0
"2052200040","49","5","45","1","7:12 PM","8:08","Crutcher Out of Bounds - Bad Pass Turnover Turnover (P1.T2)",NA,NA,NA,NA,"4","1630622","Jalen Crutcher","1612709922","Greensboro","Swarm","GBO","0","0",NA,NA,NA,NA,NA,"1","0",NA,NA,NA,NA,NA,"0",0
"2052200040","50","8","0","1","7:12 PM","8:08",NA,NA,"SUB: Etienne FOR Brooks",NA,NA,"5","1629717","Armoni Brooks","1612709929","College Park","Skyhawks","CPS","5","1630623","Tyson Etienne","1612709929","College Park","Skyhawks","CPS","0","0",NA,NA,NA,NA,NA,"0",0
"2052200040","52","2","6","1","7:12 PM","8:03","Williams BLOCK (2 BLK)",NA,"MISS Lawson 6' Driving Layup",NA,NA,"5","1630639","A.J. Lawson","1612709929","College Park","Skyhawks","CPS","0","0",NA,NA,NA,NA,NA,"4","1631109","Mark Williams","1612709922","Greensboro","Swarm","GBO","0",0
"2052200040","54","4","0","1","7:12 PM","8:02","Crutcher REBOUND (Off:0 Def:1)",NA,NA,NA,NA,"4","1630622","Jalen Crutcher","1612709922","Greensboro","Swarm","GBO","0","0",NA,NA,NA,NA,NA,"0","0",NA,NA,NA,NA,NA,"0",0
"2052200040","55","1","41","1","7:12 PM","7:55","Crutcher 3' Running Layup (2 PTS)",NA,NA,"10 - 13","3","4","1630622","Jalen Crutcher","1612709922","Greensboro","Swarm","GBO","0","0",NA,NA,NA,NA,NA,"0","0",NA,NA,NA,NA,NA,"0",0
"2052200040","56","1","101","1","7:12 PM","7:35",NA,NA,"Williams 9' Driving Floating Jump Shot (4 PTS)","12 - 13","1","5","1630314","Brandon Williams","1612709929","College Park","Skyhawks","CPS","0","0",NA,NA,NA,NA,NA,"0","0",NA,NA,NA,NA,NA,"0",0
"2052200040","57","6","2","1","7:12 PM","7:35","Simmons S.FOUL (P2.T2)",NA,NA,NA,NA,"4","1628424","Kobi Simmons","1612709922","Greensboro","Swarm","GBO","5","1630314","Brandon Williams","1612709929","College Park","Skyhawks","CPS","1","0",NA,NA,NA,NA,NA,"0",0
"2052200040","64","8","0","1","7:13 PM","7:35","SUB: Alexander FOR Simmons",NA,NA,NA,NA,"4","1628424","Kobi Simmons","1612709922","Greensboro","Swarm","GBO","4","1630234","Ty-Shon Alexander","1612709922","Greensboro","Swarm","GBO","0","0",NA,NA,NA,NA,NA,"0",0
"2052200040","60","3","30","1","7:13 PM","7:35",NA,NA,"Williams Free Throw 1PT (5 PTS)","13 - 13","TIE","5","1630314","Brandon Williams","1612709929","College Park","Skyhawks","CPS","0","0",NA,NA,NA,NA,NA,"0","0",NA,NA,NA,NA,NA,"0",0
"2052200040","61","5","4","1","7:13 PM","7:15","Alexander Traveling Turnover (P1.T3)",NA,NA,NA,NA,"4","1630234","Ty-Shon Alexander","1612709922","Greensboro","Swarm","GBO","0","0",NA,NA,NA,NA,NA,"1","0",NA,NA,NA,NA,NA,"0",0
"2052200040","62","1","98","1","7:14 PM","6:58",NA,NA,"Lawson 2' Cutting Layup Shot (2 PTS) (Silva 1 AST)","15 - 13","-2","5","1630639","A.J. Lawson","1612709929","College Park","Skyhawks","CPS","5","1629735","Chris Silva","1612709929","College Park","Skyhawks","CPS","0","0",NA,NA,NA,NA,NA,"0",0
"2052200040","66","6","1","1","7:14 PM","6:41",NA,NA,"Lawson P.FOUL (P1.T4)",NA,NA,"5","1630639","A.J. Lawson","1612709929","College Park","Skyhawks","CPS","4","1630622","Jalen Crutcher","1612709922","Greensboro","Swarm","GBO","1","0",NA,NA,NA,NA,NA,"0",0
"2052200040","68","9","1","1","7:15 PM","6:41","SWARM Timeout: Regular (Full 1 Short 0)",NA,NA,NA,NA,"2","1612709922",NA,NA,NA,NA,NA,"0","0",NA,NA,NA,NA,NA,"0","0",NA,NA,NA,NA,NA,"0",0
"2052200040","70","8","0","1","7:16 PM","6:41","SUB: Sims FOR Duruji",NA,NA,NA,NA,"4","1631347","Anthony Duruji","1612709922","Greensboro","Swarm","GBO","4","1631301","Jaylen Sims","1612709922","Greensboro","Swarm","GBO","0","0",NA,NA,NA,NA,NA,"0",0
"2052200040","71","8","0","1","7:16 PM","6:41",NA,NA,"SUB: Bezhanishvili FOR Silva",NA,NA,"5","1629735","Chris Silva","1612709929","College Park","Skyhawks","CPS","5","1630793","Giorgi Bezhanishvili","1612709929","College Park","Skyhawks","CPS","0","0",NA,NA,NA,NA,NA,"0",0
"2052200040","75","5","2","1","7:17 PM","6:31","McGowens Lost Ball Turnover (P2.T4)",NA,"Lawson STEAL (1 STL)",NA,NA,"4","1631121","Bryce McGowens","1612709922","Greensboro","Swarm","GBO","5","1630639","A.J. Lawson","1612709929","College Park","Skyhawks","CPS","0","0",NA,NA,NA,NA,NA,"0",0
"2052200040","77","5","2","1","7:17 PM","6:22","McGowens STEAL (1 STL)",NA,"Williams Lost Ball Turnover (P2.T2)",NA,NA,"5","1630314","Brandon Williams","1612709929","College Park","Skyhawks","CPS","4","1631121","Bryce McGowens","1612709922","Greensboro","Swarm","GBO","0","0",NA,NA,NA,NA,NA,"0",0
"2052200040","79","2","1","1","7:17 PM","6:07","MISS Williams 17' Jump Shot",NA,NA,NA,NA,"4","1631109","Mark Williams","1612709922","Greensboro","Swarm","GBO","0","0",NA,NA,NA,NA,NA,"0","0",NA,NA,NA,NA,NA,"0",0
"2052200040","80","4","0","1","7:17 PM","6:04",NA,NA,"Bezhanishvili REBOUND (Off:0 Def:1)",NA,NA,"5","1630793","Giorgi Bezhanishvili","1612709929","College Park","Skyhawks","CPS","0","0",NA,NA,NA,NA,NA,"0","0",NA,NA,NA,NA,NA,"0",0
"2052200040","81","1","79","1","7:17 PM","5:50",NA,NA,"Williams 15' Pullup Jump Shot (7 PTS)","17 - 13","-4","5","1630314","Brandon Williams","1612709929","College Park","Skyhawks","CPS","0","0",NA,NA,NA,NA,NA,"0","0",NA,NA,NA,NA,NA,"0",0
"2052200040","82","6","4","1","7:18 PM","5:32","McGowens OFF.Foul (P1)",NA,NA,NA,NA,"4","1631121","Bryce McGowens","1612709922","Greensboro","Swarm","GBO","5","1630639","A.J. Lawson","1612709929","College Park","Skyhawks","CPS","1","0",NA,NA,NA,NA,NA,"0",0
"2052200040","84","5","37","1","7:18 PM","5:32","McGowens Offensive Foul Turnover (P3.T5)",NA,NA,NA,NA,"4","1631121","Bryce McGowens","1612709922","Greensboro","Swarm","GBO","0","0",NA,NA,NA,NA,NA,"1","0",NA,NA,NA,NA,NA,"0",0
"2052200040","85","8","0","1","7:18 PM","5:32","SUB: Whaley FOR Williams",NA,NA,NA,NA,"4","1631109","Mark Williams","1612709922","Greensboro","Swarm","GBO","4","1631348","Isaiah Whaley","1612709922","Greensboro","Swarm","GBO","0","0",NA,NA,NA,NA,NA,"0",0
"2052200040","87","6","2","1","7:18 PM","5:24","Crutcher S.FOUL (P1.T3)",NA,NA,NA,NA,"4","1630622","Jalen Crutcher","1612709922","Greensboro","Swarm","GBO","5","1630314","Brandon Williams","1612709929","College Park","Skyhawks","CPS","1","0",NA,NA,NA,NA,NA,"0",0
"2052200040","89","3","31","1","7:19 PM","5:24",NA,NA,"Williams Free Throw 2PT (9 PTS)","19 - 13","-6","5","1630314","Brandon Williams","1612709929","College Park","Skyhawks","CPS","0","0",NA,NA,NA,NA,NA,"0","0",NA,NA,NA,NA,NA,"0",0
"2052200040","90","1","1","1","7:19 PM","5:05","Alexander 25' 3PT Jump Shot (3 PTS) (Sims 1 AST)",NA,NA,"19 - 16","-3","4","1630234","Ty-Shon Alexander","1612709922","Greensboro","Swarm","GBO","4","1631301","Jaylen Sims","1612709922","Greensboro","Swarm","GBO","0","0",NA,NA,NA,NA,NA,"0",0
"2052200040","92","1","80","1","7:19 PM","4:44",NA,NA,"Williams 26' 3PT Step Back Jump Shot (12 PTS) (Bezhanishvili 1 AST)","22 - 16","-6","5","1630314","Brandon Williams","1612709929","College Park","Skyhawks","CPS","5","1630793","Giorgi Bezhanishvili","1612709929","College Park","Skyhawks","CPS","0","0",NA,NA,NA,NA,NA,"0",0
"2052200040","93","6","2","1","7:20 PM","4:18",NA,NA,"Bezhanishvili S.FOUL (P1.PN)",NA,NA,"5","1630793","Giorgi Bezhanishvili","1612709929","College Park","Skyhawks","CPS","4","1631121","Bryce McGowens","1612709922","Greensboro","Swarm","GBO","1","0",NA,NA,NA,NA,NA,"0",0
"2052200040","95","8","0","1","7:20 PM","4:18",NA,NA,"SUB: Brooks FOR Ellison",NA,NA,"5","1630707","Malik Ellison","1612709929","College Park","Skyhawks","CPS","5","1629717","Armoni Brooks","1612709929","College Park","Skyhawks","CPS","0","0",NA,NA,NA,NA,NA,"0",0
"2052200040","97","3","31","1","7:20 PM","4:18","McGowens Free Throw 2PT (7 PTS)",NA,NA,"22 - 18","-4","4","1631121","Bryce McGowens","1612709922","Greensboro","Swarm","GBO","0","0",NA,NA,NA,NA,NA,"0","0",NA,NA,NA,NA,NA,"0",0
"2052200040","98","6","1","1","7:21 PM","4:12","Whaley P.FOUL (P1.T4)",NA,NA,NA,NA,"4","1631348","Isaiah Whaley","1612709922","Greensboro","Swarm","GBO","5","1630314","Brandon Williams","1612709929","College Park","Skyhawks","CPS","1","0",NA,NA,NA,NA,NA,"0",0
"2052200040","100","5","1","1","7:21 PM","4:05","Whaley STEAL (1 STL)",NA,"Williams Bad Pass Turnover (P3.T3)",NA,NA,"5","1630314","Brandon Williams","1612709929","College Park","Skyhawks","CPS","4","1631348","Isaiah Whaley","1612709922","Greensboro","Swarm","GBO","0","0",NA,NA,NA,NA,NA,"0",0
"2052200040","102","1","102","1","7:21 PM","3:56","Alexander 9' Driving Floating Bank Jump Shot (5 PTS) (Sims 2 AST)",NA,NA,"22 - 20","-2","4","1630234","Ty-Shon Alexander","1612709922","Greensboro","Swarm","GBO","4","1631301","Jaylen Sims","1612709922","Greensboro","Swarm","GBO","0","0",NA,NA,NA,NA,NA,"0",0
"2052200040","104","6","2","1","7:21 PM","3:56",NA,NA,"Williams S.FOUL (P2.PN)",NA,NA,"5","1630314","Brandon Williams","1612709929","College Park","Skyhawks","CPS","4","1630234","Ty-Shon Alexander","1612709922","Greensboro","Swarm","GBO","1","0",NA,NA,NA,NA,NA,"0",0
"2052200040","106","8","0","1","7:21 PM","3:56",NA,NA,"SUB: Warren FOR Williams",NA,NA,"5","1630314","Brandon Williams","1612709929","College Park","Skyhawks","CPS","5","1631389","Davion Warren","1612709929","College Park","Skyhawks","CPS","0","0",NA,NA,NA,NA,NA,"0",0
"2052200040","108","3","30","1","7:22 PM","3:56","Alexander Free Throw 1PT (6 PTS)",NA,NA,"22 - 21","-1","4","1630234","Ty-Shon Alexander","1612709922","Greensboro","Swarm","GBO","0","0",NA,NA,NA,NA,NA,"0","0",NA,NA,NA,NA,NA,"0",0
"2052200040","109","1","6","1","7:22 PM","3:42",NA,NA,"Bezhanishvili 4' Driving Layup (2 PTS)","24 - 21","-3","5","1630793","Giorgi Bezhanishvili","1612709929","College Park","Skyhawks","CPS","0","0",NA,NA,NA,NA,NA,"0","0",NA,NA,NA,NA,NA,"0",0
"2052200040","110","6","1","1","7:22 PM","3:29",NA,NA,"Warren P.FOUL (P1.PN)",NA,NA,"5","1631389","Davion Warren","1612709929","College Park","Skyhawks","CPS","4","1630234","Ty-Shon Alexander","1612709922","Greensboro","Swarm","GBO","1","0",NA,NA,NA,NA,NA,"0",0
"2052200040","112","3","31","1","7:23 PM","3:29","Alexander Free Throw 2PT (8 PTS)",NA,NA,"24 - 23","-1","4","1630234","Ty-Shon Alexander","1612709922","Greensboro","Swarm","GBO","0","0",NA,NA,NA,NA,NA,"0","0",NA,NA,NA,NA,NA,"0",0
"2052200040","113","2","1","1","7:23 PM","3:20",NA,NA,"MISS Etienne 26' 3PT Jump Shot",NA,NA,"5","1630623","Tyson Etienne","1612709929","College Park","Skyhawks","CPS","0","0",NA,NA,NA,NA,NA,"0","0",NA,NA,NA,NA,NA,"0",0
"2052200040","114","4","0","1","7:23 PM","3:18","Whaley REBOUND (Off:0 Def:1)",NA,NA,NA,NA,"4","1631348","Isaiah Whaley","1612709922","Greensboro","Swarm","GBO","0","0",NA,NA,NA,NA,NA,"0","0",NA,NA,NA,NA,NA,"0",0
"2052200040","115","2","101","1","7:23 PM","3:04","MISS Crutcher 10' Driving Floating Jump Shot",NA,NA,NA,NA,"4","1630622","Jalen Crutcher","1612709922","Greensboro","Swarm","GBO","0","0",NA,NA,NA,NA,NA,"0","0",NA,NA,NA,NA,NA,"0",0
"2052200040","116","4","0","1","7:23 PM","3:01",NA,NA,"Bezhanishvili REBOUND (Off:0 Def:2)",NA,NA,"5","1630793","Giorgi Bezhanishvili","1612709929","College Park","Skyhawks","CPS","0","0",NA,NA,NA,NA,NA,"0","0",NA,NA,NA,NA,NA,"0",0
"2052200040","117","1","6","1","7:23 PM","2:50",NA,NA,"Lawson 4' Driving Layup (4 PTS) (Bezhanishvili 2 AST)","26 - 23","-3","5","1630639","A.J. Lawson","1612709929","College Park","Skyhawks","CPS","5","1630793","Giorgi Bezhanishvili","1612709929","College Park","Skyhawks","CPS","0","0",NA,NA,NA,NA,NA,"0",0
"2052200040","119","6","2","1","7:24 PM","2:35",NA,NA,"Bezhanishvili S.FOUL (P2.PN)",NA,NA,"5","1630793","Giorgi Bezhanishvili","1612709929","College Park","Skyhawks","CPS","4","1630622","Jalen Crutcher","1612709922","Greensboro","Swarm","GBO","1","0",NA,NA,NA,NA,NA,"0",0
"2052200040","121","9","1","1","7:24 PM","2:35",NA,NA,"Skyhawks Timeout: Regular (Reg.1 Short 0)",NA,NA,"3","1612709929",NA,NA,NA,NA,NA,"0","0",NA,NA,NA,NA,NA,"0","0",NA,NA,NA,NA,NA,"0",0
"2052200040","123","8","0","1","7:24 PM","2:35","SUB: Wheeler FOR McGowens",NA,NA,NA,NA,"4","1631121","Bryce McGowens","1612709922","Greensboro","Swarm","GBO","4","1631290","Aaron Wheeler","1612709922","Greensboro","Swarm","GBO","0","0",NA,NA,NA,NA,NA,"0",0
"2052200040","124","8","0","1","7:24 PM","2:35",NA,NA,"SUB: Silva FOR Bezhanishvili",NA,NA,"5","1630793","Giorgi Bezhanishvili","1612709929","College Park","Skyhawks","CPS","5","1629735","Chris Silva","1612709929","College Park","Skyhawks","CPS","0","0",NA,NA,NA,NA,NA,"0",0
"2052200040","127","3","31","1","7:26 PM","2:35","Crutcher Free Throw 2PT (4 PTS)",NA,NA,"26 - 25","-1","4","1630622","Jalen Crutcher","1612709922","Greensboro","Swarm","GBO","0","0",NA,NA,NA,NA,NA,"0","0",NA,NA,NA,NA,NA,"0",0
"2052200040","128","2","1","1","7:26 PM","2:25",NA,NA,"MISS Brooks 25' 3PT Jump Shot",NA,NA,"5","1629717","Armoni Brooks","1612709929","College Park","Skyhawks","CPS","0","0",NA,NA,NA,NA,NA,"0","0",NA,NA,NA,NA,NA,"0",0
"2052200040","129","4","0","1","7:26 PM","2:22","Whaley REBOUND (Off:0 Def:2)",NA,NA,NA,NA,"4","1631348","Isaiah Whaley","1612709922","Greensboro","Swarm","GBO","0","0",NA,NA,NA,NA,NA,"0","0",NA,NA,NA,NA,NA,"0",0
"2052200040","130","1","79","1","7:26 PM","2:14","Crutcher 27' 3PT Pullup Jump Shot (7 PTS)",NA,NA,"26 - 28","2","4","1630622","Jalen Crutcher","1612709922","Greensboro","Swarm","GBO","0","0",NA,NA,NA,NA,NA,"0","0",NA,NA,NA,NA,NA,"0",0
"2052200040","131","2","1","1","7:26 PM","2:00",NA,NA,"MISS Etienne 24' 3PT Jump Shot",NA,NA,"5","1630623","Tyson Etienne","1612709929","College Park","Skyhawks","CPS","0","0",NA,NA,NA,NA,NA,"0","0",NA,NA,NA,NA,NA,"0",0
"2052200040","132","4","0","1","7:26 PM","1:59",NA,NA,"Etienne REBOUND (Off:1 Def:0)",NA,NA,"5","1630623","Tyson Etienne","1612709929","College Park","Skyhawks","CPS","0","0",NA,NA,NA,NA,NA,"0","0",NA,NA,NA,NA,NA,"0",0
"2052200040","133","2","6","1","7:26 PM","1:57",NA,NA,"MISS Etienne 7' Driving Layup",NA,NA,"5","1630623","Tyson Etienne","1612709929","College Park","Skyhawks","CPS","0","0",NA,NA,NA,NA,NA,"0","0",NA,NA,NA,NA,NA,"0",0
"2052200040","134","4","0","1","7:26 PM","1:56","Sims REBOUND (Off:0 Def:1)",NA,NA,NA,NA,"4","1631301","Jaylen Sims","1612709922","Greensboro","Swarm","GBO","0","0",NA,NA,NA,NA,NA,"0","0",NA,NA,NA,NA,NA,"0",0
"2052200040","135","2","101","1","7:27 PM","1:44","MISS Alexander 10' Driving Floating Jump Shot",NA,NA,NA,NA,"4","1630234","Ty-Shon Alexander","1612709922","Greensboro","Swarm","GBO","0","0",NA,NA,NA,NA,NA,"0","0",NA,NA,NA,NA,NA,"0",0
"2052200040","136","4","0","1","7:27 PM","1:42",NA,NA,"Silva REBOUND (Off:0 Def:2)",NA,NA,"5","1629735","Chris Silva","1612709929","College Park","Skyhawks","CPS","0","0",NA,NA,NA,NA,NA,"0","0",NA,NA,NA,NA,NA,"0",0
"2052200040","137","1","78","1","7:27 PM","1:32",NA,NA,"Silva 9' Floating Jump Shot (2 PTS) (Brooks 1 AST)","28 - 28","TIE","5","1629735","Chris Silva","1612709929","College Park","Skyhawks","CPS","5","1629717","Armoni Brooks","1612709929","College Park","Skyhawks","CPS","0","0",NA,NA,NA,NA,NA,"0",0
"2052200040","139","1","102","1","7:27 PM","1:15","Crutcher 7' Driving Floating Bank Jump Shot (9 PTS)",NA,NA,"28 - 30","2","4","1630622","Jalen Crutcher","1612709922","Greensboro","Swarm","GBO","0","0",NA,NA,NA,NA,NA,"0","0",NA,NA,NA,NA,NA,"0",0
"2052200040","140","1","1","1","7:27 PM","1:03",NA,NA,"Silva 14' Jump Shot (4 PTS) (Etienne 1 AST)","30 - 30","TIE","5","1629735","Chris Silva","1612709929","College Park","Skyhawks","CPS","5","1630623","Tyson Etienne","1612709929","College Park","Skyhawks","CPS","0","0",NA,NA,NA,NA,NA,"0",0
"2052200040","142","5","1","1","7:28 PM","0:47","Crutcher Bad Pass Turnover (P2.T6)",NA,"Silva STEAL (1 STL)",NA,NA,"4","1630622","Jalen Crutcher","1612709922","Greensboro","Swarm","GBO","5","1629735","Chris Silva","1612709929","College Park","Skyhawks","CPS","0","0",NA,NA,NA,NA,NA,"0",0
"2052200040","144","1","101","1","7:28 PM","0:41",NA,NA,"Brooks 7' Driving Floating Jump Shot (10 PTS) (Etienne 2 AST)","32 - 30","-2","5","1629717","Armoni Brooks","1612709929","College Park","Skyhawks","CPS","5","1630623","Tyson Etienne","1612709929","College Park","Skyhawks","CPS","0","0",NA,NA,NA,NA,NA,"0",0
"2052200040","146","6","1","1","7:28 PM","0:34",NA,NA,"Lawson P.FOUL (P2.PN)",NA,NA,"5","1630639","A.J. Lawson","1612709929","College Park","Skyhawks","CPS","4","1630234","Ty-Shon Alexander","1612709922","Greensboro","Swarm","GBO","1","0",NA,NA,NA,NA,NA,"0",0
"2052200040","148","8","0","1","7:28 PM","0:34",NA,NA,"SUB: Ellison FOR Lawson",NA,NA,"5","1630639","A.J. Lawson","1612709929","College Park","Skyhawks","CPS","5","1630707","Malik Ellison","1612709929","College Park","Skyhawks","CPS","0","0",NA,NA,NA,NA,NA,"0",0
"2052200040","150","3","31","1","7:28 PM","0:34","Alexander Free Throw 2PT (10 PTS)",NA,NA,"32 - 32","TIE","4","1630234","Ty-Shon Alexander","1612709922","Greensboro","Swarm","GBO","0","0",NA,NA,NA,NA,NA,"0","0",NA,NA,NA,NA,NA,"0",0
"2052200040","151","2","79","1","7:29 PM","0:24",NA,NA,"MISS Brooks 27' 3PT Pullup Jump Shot",NA,NA,"5","1629717","Armoni Brooks","1612709929","College Park","Skyhawks","CPS","0","0",NA,NA,NA,NA,NA,"0","0",NA,NA,NA,NA,NA,"0",0
"2052200040","152","4","0","1","7:29 PM","0:21","Sims REBOUND (Off:0 Def:2)",NA,NA,NA,NA,"4","1631301","Jaylen Sims","1612709922","Greensboro","Swarm","GBO","0","0",NA,NA,NA,NA,NA,"0","0",NA,NA,NA,NA,NA,"0",0
"2052200040","153","5","2","1","7:29 PM","0:06","Crutcher Lost Ball Turnover (P3.T7)",NA,"Warren STEAL (1 STL)",NA,NA,"4","1630622","Jalen Crutcher","1612709922","Greensboro","Swarm","GBO","5","1631389","Davion Warren","1612709929","College Park","Skyhawks","CPS","0","0",NA,NA,NA,NA,NA,"0",0
"2052200040","155","1","41","1","7:29 PM","0:01",NA,NA,"Ellison 2' Running Layup (2 PTS) (Etienne 3 AST)","34 - 32","-2","5","1630707","Malik Ellison","1612709929","College Park","Skyhawks","CPS","5","1630623","Tyson Etienne","1612709929","College Park","Skyhawks","CPS","0","0",NA,NA,NA,NA,NA,"0",0
"2052200040","157","5","45","1","7:29 PM","0:01","Wheeler Out of Bounds - Bad Pass Turnover Turnover (P1.T8)",NA,NA,NA,NA,"4","1631290","Aaron Wheeler","1612709922","Greensboro","Swarm","GBO","0","0",NA,NA,NA,NA,NA,"1","0",NA,NA,NA,NA,NA,"0",0
"2052200040","158","13","0","1","7:30 PM","0:00",NA,"End of 1st Period (7:30 PM EST)",NA,"34 - 32","-2","0","0",NA,NA,NA,NA,NA,"0","0",NA,NA,NA,NA,NA,"0","0",NA,NA,NA,NA,NA,"0",0
"2052200040","165","12","0","2","7:32 PM","12:00",NA,"Start of 2nd Period (7:32 PM EST)",NA,"34 - 32","-2","0","0",NA,NA,NA,NA,NA,"0","0",NA,NA,NA,NA,NA,"0","0",NA,NA,NA,NA,NA,"0",0
"2052200040","166","1","75","2","7:33 PM","11:42",NA,NA,"Ellison 3' Driving Finger Roll Layup (4 PTS) (Etienne 4 AST)","36 - 32","-4","5","1630707","Malik Ellison","1612709929","College Park","Skyhawks","CPS","5","1630623","Tyson Etienne","1612709929","College Park","Skyhawks","CPS","0","0",NA,NA,NA,NA,NA,"0",0
"2052200040","168","1","71","2","7:33 PM","11:20","Williams 4' Finger Roll Layup (6 PTS) (Simmons 1 AST)",NA,NA,"36 - 34","-2","4","1631109","Mark Williams","1612709922","Greensboro","Swarm","GBO","4","1628424","Kobi Simmons","1612709922","Greensboro","Swarm","GBO","0","0",NA,NA,NA,NA,NA,"0",0
"2052200040","170","2","78","2","7:33 PM","11:00",NA,NA,"MISS Brooks 9' Floating Jump Shot",NA,NA,"5","1629717","Armoni Brooks","1612709929","College Park","Skyhawks","CPS","0","0",NA,NA,NA,NA,NA,"0","0",NA,NA,NA,NA,NA,"0",0
"2052200040","171","4","0","2","7:33 PM","10:52","Simmons REBOUND (Off:0 Def:2)",NA,NA,NA,NA,"4","1628424","Kobi Simmons","1612709922","Greensboro","Swarm","GBO","0","0",NA,NA,NA,NA,NA,"0","0",NA,NA,NA,NA,NA,"0",0
"2052200040","172","2","1","2","7:33 PM","10:52","MISS Wheeler 29' 3PT Jump Shot",NA,NA,NA,NA,"4","1631290","Aaron Wheeler","1612709922","Greensboro","Swarm","GBO","0","0",NA,NA,NA,NA,NA,"0","0",NA,NA,NA,NA,NA,"0",0
"2052200040","173","4","0","2","7:34 PM","10:52",NA,NA,"Skyhawks Rebound",NA,NA,"3","1612709929",NA,NA,NA,NA,NA,"0","0",NA,NA,NA,NA,NA,"0","0",NA,NA,NA,NA,NA,"0",0
"2052200040","174","8","0","2","7:34 PM","10:52","SUB: Duruji FOR Wheeler",NA,NA,NA,NA,"4","1631290","Aaron Wheeler","1612709922","Greensboro","Swarm","GBO","4","1631347","Anthony Duruji","1612709922","Greensboro","Swarm","GBO","0","0",NA,NA,NA,NA,NA,"0",0
"2052200040","176","6","2","2","7:34 PM","10:52","Williams S.FOUL (P1.T1)",NA,NA,NA,NA,"4","1631109","Mark Williams","1612709922","Greensboro","Swarm","GBO","5","1629735","Chris Silva","1612709929","College Park","Skyhawks","CPS","1","0",NA,NA,NA,NA,NA,"0",0
"2052200040","178","2","1","2","7:34 PM","10:41",NA,NA,"MISS Etienne 20' Jump Shot",NA,NA,"5","1630623","Tyson Etienne","1612709929","College Park","Skyhawks","CPS","0","0",NA,NA,NA,NA,NA,"0","0",NA,NA,NA,NA,NA,"0",0
"2052200040","179","4","0","2","7:34 PM","10:37","Williams REBOUND (Off:0 Def:2)",NA,NA,NA,NA,"4","1631109","Mark Williams","1612709922","Greensboro","Swarm","GBO","0","0",NA,NA,NA,NA,NA,"0","0",NA,NA,NA,NA,NA,"0",0
"2052200040","180","6","2","2","7:34 PM","10:31",NA,NA,"Ellison S.FOUL (P1.T1)",NA,NA,"5","1630707","Malik Ellison","1612709929","College Park","Skyhawks","CPS","4","1631109","Mark Williams","1612709922","Greensboro","Swarm","GBO","1","0",NA,NA,NA,NA,NA,"0",0
"2052200040","183","8","0","2","7:34 PM","10:31",NA,NA,"SUB: Williams FOR Warren",NA,NA,"5","1631389","Davion Warren","1612709929","College Park","Skyhawks","CPS","5","1630314","Brandon Williams","1612709929","College Park","Skyhawks","CPS","0","0",NA,NA,NA,NA,NA,"0",0
"2052200040","184","8","0","2","7:34 PM","10:31",NA,NA,"SUB: Watson FOR Etienne",NA,NA,"5","1630623","Tyson Etienne","1612709929","College Park","Skyhawks","CPS","5","1630801","Ibi Watson","1612709929","College Park","Skyhawks","CPS","0","0",NA,NA,NA,NA,NA,"0",0
"2052200040","188","3","31","2","7:35 PM","10:31","Williams Free Throw 2PT (8 PTS)",NA,NA,"36 - 36","TIE","4","1631109","Mark Williams","1612709922","Greensboro","Swarm","GBO","0","0",NA,NA,NA,NA,NA,"0","0",NA,NA,NA,NA,NA,"0",0
"2052200040","189","1","7","2","7:35 PM","10:17",NA,NA,"Silva 3' Dunk (6 PTS) (Watson 1 AST)","38 - 36","-2","5","1629735","Chris Silva","1612709929","College Park","Skyhawks","CPS","5","1630801","Ibi Watson","1612709929","College Park","Skyhawks","CPS","0","0",NA,NA,NA,NA,NA,"0",0
"2052200040","191","1","51","2","7:35 PM","10:08","Williams 4' Reverse Dunk (10 PTS) (Sims 3 AST)",NA,NA,"38 - 38","TIE","4","1631109","Mark Williams","1612709922","Greensboro","Swarm","GBO","4","1631301","Jaylen Sims","1612709922","Greensboro","Swarm","GBO","0","0",NA,NA,NA,NA,NA,"0",0
"2052200040","193","6","1","2","7:35 PM","10:01","Alexander P.FOUL (P1.T2)",NA,NA,NA,NA,"4","1630234","Ty-Shon Alexander","1612709922","Greensboro","Swarm","GBO","5","1629735","Chris Silva","1612709929","College Park","Skyhawks","CPS","1","0",NA,NA,NA,NA,NA,"0",0
"2052200040","195","2","1","2","7:36 PM","9:54",NA,NA,"MISS Brooks 16' Jump Shot",NA,NA,"5","1629717","Armoni Brooks","1612709929","College Park","Skyhawks","CPS","0","0",NA,NA,NA,NA,NA,"0","0",NA,NA,NA,NA,NA,"0",0
"2052200040","196","4","0","2","7:36 PM","9:52","Sims REBOUND (Off:0 Def:3)",NA,NA,NA,NA,"4","1631301","Jaylen Sims","1612709922","Greensboro","Swarm","GBO","0","0",NA,NA,NA,NA,NA,"0","0",NA,NA,NA,NA,NA,"0",0
"2052200040","197","1","52","2","7:36 PM","9:45","Williams 5' Alley Oop Dunk (12 PTS) (Alexander 1 AST)",NA,NA,"38 - 40","2","4","1631109","Mark Williams","1612709922","Greensboro","Swarm","GBO","4","1630234","Ty-Shon Alexander","1612709922","Greensboro","Swarm","GBO","0","0",NA,NA,NA,NA,NA,"0",0
"2052200040","199","1","1","2","7:36 PM","9:24",NA,NA,"Silva 14' Jump Shot (8 PTS) (Brooks 2 AST)","40 - 40","TIE","5","1629735","Chris Silva","1612709929","College Park","Skyhawks","CPS","5","1629717","Armoni Brooks","1612709929","College Park","Skyhawks","CPS","0","0",NA,NA,NA,NA,NA,"0",0
"2052200040","201","6","4","2","7:37 PM","9:10","Sims OFF.Foul (P1)",NA,NA,NA,NA,"4","1631301","Jaylen Sims","1612709922","Greensboro","Swarm","GBO","5","1630314","Brandon Williams","1612709929","College Park","Skyhawks","CPS","1","0",NA,NA,NA,NA,NA,"0",0
"2052200040","203","5","37","2","7:37 PM","9:10","Sims Offensive Foul Turnover (P1.T9)",NA,NA,NA,NA,"4","1631301","Jaylen Sims","1612709922","Greensboro","Swarm","GBO","0","0",NA,NA,NA,NA,NA,"1","0",NA,NA,NA,NA,NA,"0",0
"2052200040","204","5","2","2","7:37 PM","8:59","Sims STEAL (1 STL)",NA,"Williams Lost Ball Turnover (P4.T4)",NA,NA,"5","1630314","Brandon Williams","1612709929","College Park","Skyhawks","CPS","4","1631301","Jaylen Sims","1612709922","Greensboro","Swarm","GBO","0","0",NA,NA,NA,NA,NA,"0",0
"2052200040","206","1","50","2","7:37 PM","8:52","Simmons 4' Running Dunk (4 PTS) (Sims 4 AST)",NA,NA,"40 - 42","2","4","1628424","Kobi Simmons","1612709922","Greensboro","Swarm","GBO","4","1631301","Jaylen Sims","1612709922","Greensboro","Swarm","GBO","0","0",NA,NA,NA,NA,NA,"0",0
"2052200040","208","2","6","2","7:37 PM","8:38",NA,NA,"MISS Williams 7' Driving Layup",NA,NA,"5","1630314","Brandon Williams","1612709929","College Park","Skyhawks","CPS","0","0",NA,NA,NA,NA,NA,"0","0",NA,NA,NA,NA,NA,"0",0
"2052200040","209","4","0","2","7:38 PM","8:37","Sims REBOUND (Off:0 Def:4)",NA,NA,NA,NA,"4","1631301","Jaylen Sims","1612709922","Greensboro","Swarm","GBO","0","0",NA,NA,NA,NA,NA,"0","0",NA,NA,NA,NA,NA,"0",0
"2052200040","210","1","52","2","7:38 PM","8:28","Williams 4' Alley Oop Dunk (14 PTS) (Alexander 2 AST)",NA,NA,"40 - 44","4","4","1631109","Mark Williams","1612709922","Greensboro","Swarm","GBO","4","1630234","Ty-Shon Alexander","1612709922","Greensboro","Swarm","GBO","0","0",NA,NA,NA,NA,NA,"0",0
"2052200040","212","9","1","2","7:38 PM","8:28",NA,NA,"Skyhawks Timeout: Regular (Reg.2 Short 0)",NA,NA,"3","1612709929",NA,NA,NA,NA,NA,"0","0",NA,NA,NA,NA,NA,"0","0",NA,NA,NA,NA,NA,"0",0
"2052200040","213","8","0","2","7:39 PM","8:28","SUB: McGowens FOR Sims",NA,NA,NA,NA,"4","1631301","Jaylen Sims","1612709922","Greensboro","Swarm","GBO","4","1631121","Bryce McGowens","1612709922","Greensboro","Swarm","GBO","0","0",NA,NA,NA,NA,NA,"0",0
"2052200040","215","1","1","2","7:40 PM","8:17",NA,NA,"Brooks 25' 3PT Jump Shot (13 PTS) (Williams 4 AST)","43 - 44","1","5","1629717","Armoni Brooks","1612709929","College Park","Skyhawks","CPS","5","1630314","Brandon Williams","1612709929","College Park","Skyhawks","CPS","0","0",NA,NA,NA,NA,NA,"0",0
"2052200040","217","6","2","2","7:40 PM","7:59",NA,NA,"Ellison S.FOUL (P2.T2)",NA,NA,"5","1630707","Malik Ellison","1612709929","College Park","Skyhawks","CPS","4","1631121","Bryce McGowens","1612709922","Greensboro","Swarm","GBO","1","0",NA,NA,NA,NA,NA,"0",0
"2052200040","219","8","0","2","7:41 PM","7:59",NA,NA,"SUB: Lawson FOR Ellison",NA,NA,"5","1630707","Malik Ellison","1612709929","College Park","Skyhawks","CPS","5","1630639","A.J. Lawson","1612709929","College Park","Skyhawks","CPS","0","0",NA,NA,NA,NA,NA,"0",0
"2052200040","221","3","31","2","7:41 PM","7:59","McGowens Free Throw 2PT (9 PTS)",NA,NA,"43 - 46","3","4","1631121","Bryce McGowens","1612709922","Greensboro","Swarm","GBO","0","0",NA,NA,NA,NA,NA,"0","0",NA,NA,NA,NA,NA,"0",0
"2052200040","222","6","1","2","7:41 PM","7:51","Duruji P.FOUL (P1.T3)",NA,NA,NA,NA,"4","1631347","Anthony Duruji","1612709922","Greensboro","Swarm","GBO","5","1629735","Chris Silva","1612709929","College Park","Skyhawks","CPS","1","0",NA,NA,NA,NA,NA,"0",0
"2052200040","224","8","0","2","7:41 PM","7:51","SUB: Crutcher FOR Alexander",NA,NA,NA,NA,"4","1630234","Ty-Shon Alexander","1612709922","Greensboro","Swarm","GBO","4","1630622","Jalen Crutcher","1612709922","Greensboro","Swarm","GBO","0","0",NA,NA,NA,NA,NA,"0",0
"2052200040","226","2","101","2","7:42 PM","7:48",NA,NA,"MISS Williams 12' Driving Floating Jump Shot",NA,NA,"5","1630314","Brandon Williams","1612709929","College Park","Skyhawks","CPS","0","0",NA,NA,NA,NA,NA,"0","0",NA,NA,NA,NA,NA,"0",0
"2052200040","227","4","0","2","7:42 PM","7:45",NA,NA,"Silva REBOUND (Off:1 Def:2)",NA,NA,"5","1629735","Chris Silva","1612709929","College Park","Skyhawks","CPS","0","0",NA,NA,NA,NA,NA,"0","0",NA,NA,NA,NA,NA,"0",0
"2052200040","228","1","87","2","7:42 PM","7:42",NA,NA,"Silva 3' Putback Dunk (10 PTS)","45 - 46","1","5","1629735","Chris Silva","1612709929","College Park","Skyhawks","CPS","0","0",NA,NA,NA,NA,NA,"0","0",NA,NA,NA,NA,NA,"0",0
"2052200040","230","2","79","2","7:42 PM","7:24","MISS McGowens 29' 3PT Pullup Jump Shot",NA,NA,NA,NA,"4","1631121","Bryce McGowens","1612709922","Greensboro","Swarm","GBO","0","0",NA,NA,NA,NA,NA,"0","0",NA,NA,NA,NA,NA,"0",0
"2052200040","231","4","0","2","7:42 PM","7:20",NA,NA,"Silva REBOUND (Off:1 Def:3)",NA,NA,"5","1629735","Chris Silva","1612709929","College Park","Skyhawks","CPS","0","0",NA,NA,NA,NA,NA,"0","0",NA,NA,NA,NA,NA,"0",0
"2052200040","232","7","5","2","7:42 PM","7:17","Crutcher Violation:Kicked Ball",NA,NA,NA,NA,"4","1630622","Jalen Crutcher","1612709922","Greensboro","Swarm","GBO","0","0",NA,NA,NA,NA,NA,"1","0",NA,NA,NA,NA,NA,"0",0
"2052200040","233","1","6","2","7:43 PM","7:10",NA,NA,"Brooks 3' Driving Layup (15 PTS) (Williams 5 AST)","47 - 46","-1","5","1629717","Armoni Brooks","1612709929","College Park","Skyhawks","CPS","5","1630314","Brandon Williams","1612709929","College Park","Skyhawks","CPS","0","0",NA,NA,NA,NA,NA,"0",0
"2052200040","235","5","4","2","7:43 PM","6:53","McGowens Traveling Turnover (P4.T10)",NA,NA,NA,NA,"4","1631121","Bryce McGowens","1612709922","Greensboro","Swarm","GBO","0","0",NA,NA,NA,NA,NA,"1","0",NA,NA,NA,NA,NA,"0",0
"2052200040","236","1","108","2","7:43 PM","6:43",NA,NA,"Silva 5' Cutting Dunk Shot (12 PTS) (Williams 6 AST)","49 - 46","-3","5","1629735","Chris Silva","1612709929","College Park","Skyhawks","CPS","5","1630314","Brandon Williams","1612709929","College Park","Skyhawks","CPS","0","0",NA,NA,NA,NA,NA,"0",0
"2052200040","238","6","26","2","7:44 PM","6:32","Simmons Offensive Charge Foul (P3)",NA,NA,NA,NA,"4","1628424","Kobi Simmons","1612709922","Greensboro","Swarm","GBO","5","1629735","Chris Silva","1612709929","College Park","Skyhawks","CPS","1","0",NA,NA,NA,NA,NA,"0",0
"2052200040","240","5","37","2","7:44 PM","6:32","Simmons Offensive Foul Turnover (P1.T11)",NA,NA,NA,NA,"4","1628424","Kobi Simmons","1612709922","Greensboro","Swarm","GBO","0","0",NA,NA,NA,NA,NA,"1","0",NA,NA,NA,NA,NA,"0",0
"2052200040","241","8","0","2","7:44 PM","6:32","SUB: Alexander FOR Simmons",NA,NA,NA,NA,"4","1628424","Kobi Simmons","1612709922","Greensboro","Swarm","GBO","4","1630234","Ty-Shon Alexander","1612709922","Greensboro","Swarm","GBO","0","0",NA,NA,NA,NA,NA,"0",0
"2052200040","243","2","47","2","7:44 PM","6:22",NA,NA,"MISS Watson 15' Turnaround Jump Shot",NA,NA,"5","1630801","Ibi Watson","1612709929","College Park","Skyhawks","CPS","0","0",NA,NA,NA,NA,NA,"0","0",NA,NA,NA,NA,NA,"0",0
"2052200040","244","4","0","2","7:44 PM","6:16",NA,NA,"Skyhawks Rebound",NA,NA,"3","1612709929",NA,NA,NA,NA,NA,"0","0",NA,NA,NA,NA,NA,"0","0",NA,NA,NA,NA,NA,"0",0
"2052200040","245","1","101","2","7:45 PM","6:04",NA,NA,"Williams 11' Driving Floating Jump Shot (14 PTS) (Brooks 3 AST)","51 - 46","-5","5","1630314","Brandon Williams","1612709929","College Park","Skyhawks","CPS","5","1629717","Armoni Brooks","1612709929","College Park","Skyhawks","CPS","0","0",NA,NA,NA,NA,NA,"0",0
"2052200040","247","1","79","2","7:45 PM","5:42","Alexander 17' Pullup Jump Shot (12 PTS) (McGowens 1 AST)",NA,NA,"51 - 48","-3","4","1630234","Ty-Shon Alexander","1612709922","Greensboro","Swarm","GBO","4","1631121","Bryce McGowens","1612709922","Greensboro","Swarm","GBO","0","0",NA,NA,NA,NA,NA,"0",0
"2052200040","249","1","1","2","7:45 PM","5:23",NA,NA,"Brooks 3PT Jump Shot (18 PTS) (Williams 7 AST)","54 - 48","-6","5","1629717","Armoni Brooks","1612709929","College Park","Skyhawks","CPS","5","1630314","Brandon Williams","1612709929","College Park","Skyhawks","CPS","0","0",NA,NA,NA,NA,NA,"0",0
"2052200040","251","2","1","2","7:46 PM","5:18","MISS Alexander 26' 3PT Jump Shot",NA,NA,NA,NA,"4","1630234","Ty-Shon Alexander","1612709922","Greensboro","Swarm","GBO","0","0",NA,NA,NA,NA,NA,"0","0",NA,NA,NA,NA,NA,"0",0
"2052200040","252","4","0","2","7:46 PM","5:16","Williams REBOUND (Off:1 Def:2)",NA,NA,NA,NA,"4","1631109","Mark Williams","1612709922","Greensboro","Swarm","GBO","0","0",NA,NA,NA,NA,NA,"0","0",NA,NA,NA,NA,NA,"0",0
"2052200040","253","2","97","2","7:46 PM","5:16","MISS Williams Tip Layup Shot",NA,NA,NA,NA,"4","1631109","Mark Williams","1612709922","Greensboro","Swarm","GBO","0","0",NA,NA,NA,NA,NA,"0","0",NA,NA,NA,NA,NA,"0",0
"2052200040","254","4","0","2","7:46 PM","5:15","Williams REBOUND (Off:2 Def:2)",NA,NA,NA,NA,"4","1631109","Mark Williams","1612709922","Greensboro","Swarm","GBO","0","0",NA,NA,NA,NA,NA,"0","0",NA,NA,NA,NA,NA,"0",0
"2052200040","255","1","87","2","7:46 PM","5:14","Williams Putback Dunk (16 PTS)",NA,NA,"54 - 50","-4","4","1631109","Mark Williams","1612709922","Greensboro","Swarm","GBO","0","0",NA,NA,NA,NA,NA,"0","0",NA,NA,NA,NA,NA,"0",0
"2052200040","256","2","1","2","7:46 PM","5:03",NA,NA,"MISS Silva 10' Jump Shot",NA,NA,"5","1629735","Chris Silva","1612709929","College Park","Skyhawks","CPS","0","0",NA,NA,NA,NA,NA,"0","0",NA,NA,NA,NA,NA,"0",0
"2052200040","257","4","0","2","7:46 PM","5:01","Williams REBOUND (Off:2 Def:3)",NA,NA,NA,NA,"4","1631109","Mark Williams","1612709922","Greensboro","Swarm","GBO","0","0",NA,NA,NA,NA,NA,"0","0",NA,NA,NA,NA,NA,"0",0
"2052200040","258","1","101","2","7:46 PM","4:55","Crutcher 11' Driving Floating Jump Shot (11 PTS)",NA,NA,"54 - 52","-2","4","1630622","Jalen Crutcher","1612709922","Greensboro","Swarm","GBO","0","0",NA,NA,NA,NA,NA,"0","0",NA,NA,NA,NA,NA,"0",0
"2052200040","259","2","101","2","7:46 PM","4:34",NA,NA,"MISS Williams 7' Driving Floating Jump Shot",NA,NA,"5","1630314","Brandon Williams","1612709929","College Park","Skyhawks","CPS","0","0",NA,NA,NA,NA,NA,"0","0",NA,NA,NA,NA,NA,"0",0
"2052200040","260","4","0","2","7:46 PM","4:33","Williams REBOUND (Off:2 Def:4)",NA,NA,NA,NA,"4","1631109","Mark Williams","1612709922","Greensboro","Swarm","GBO","0","0",NA,NA,NA,NA,NA,"0","0",NA,NA,NA,NA,NA,"0",0
"2052200040","261","1","1","2","7:46 PM","4:25","Duruji 26' 3PT Jump Shot (3 PTS) (Crutcher 2 AST)",NA,NA,"54 - 55","1","4","1631347","Anthony Duruji","1612709922","Greensboro","Swarm","GBO","4","1630622","Jalen Crutcher","1612709922","Greensboro","Swarm","GBO","0","0",NA,NA,NA,NA,NA,"0",0
"2052200040","263","9","1","2","7:47 PM","4:24",NA,NA,"Skyhawks Timeout: Regular (Reg.3 Short 0)",NA,NA,"3","1612709929",NA,NA,NA,NA,NA,"0","0",NA,NA,NA,NA,NA,"0","0",NA,NA,NA,NA,NA,"0",0
"2052200040","264","8","0","2","7:47 PM","4:24","SUB: Sims FOR Williams",NA,NA,NA,NA,"4","1631109","Mark Williams","1612709922","Greensboro","Swarm","GBO","4","1631301","Jaylen Sims","1612709922","Greensboro","Swarm","GBO","0","0",NA,NA,NA,NA,NA,"0",0
"2052200040","265","8","0","2","7:47 PM","4:24","SUB: Whaley FOR Duruji",NA,NA,NA,NA,"4","1631347","Anthony Duruji","1612709922","Greensboro","Swarm","GBO","4","1631348","Isaiah Whaley","1612709922","Greensboro","Swarm","GBO","0","0",NA,NA,NA,NA,NA,"0",0
"2052200040","266","8","0","2","7:47 PM","4:24",NA,NA,"SUB: Etienne FOR Williams",NA,NA,"5","1630314","Brandon Williams","1612709929","College Park","Skyhawks","CPS","5","1630623","Tyson Etienne","1612709929","College Park","Skyhawks","CPS","0","0",NA,NA,NA,NA,NA,"0",0
"2052200040","267","8","0","2","7:47 PM","4:24",NA,NA,"SUB: Bezhanishvili FOR Watson",NA,NA,"5","1630801","Ibi Watson","1612709929","College Park","Skyhawks","CPS","5","1630793","Giorgi Bezhanishvili","1612709929","College Park","Skyhawks","CPS","0","0",NA,NA,NA,NA,NA,"0",0
"2052200040","268","8","0","2","7:47 PM","4:24",NA,NA,"SUB: Ellison FOR Silva",NA,NA,"5","1629735","Chris Silva","1612709929","College Park","Skyhawks","CPS","5","1630707","Malik Ellison","1612709929","College Park","Skyhawks","CPS","0","0",NA,NA,NA,NA,NA,"0",0
"2052200040","274","6","4","2","7:49 PM","4:12",NA,NA,"Bezhanishvili OFF.Foul (P3)",NA,NA,"5","1630793","Giorgi Bezhanishvili","1612709929","College Park","Skyhawks","CPS","4","1630622","Jalen Crutcher","1612709922","Greensboro","Swarm","GBO","1","0",NA,NA,NA,NA,NA,"0",0
"2052200040","276","5","37","2","7:49 PM","4:12",NA,NA,"Bezhanishvili Offensive Foul Turnover (P1.T5)",NA,NA,"5","1630793","Giorgi Bezhanishvili","1612709929","College Park","Skyhawks","CPS","0","0",NA,NA,NA,NA,NA,"1","0",NA,NA,NA,NA,NA,"0",0
"2052200040","277","2","6","2","7:49 PM","3:58","MISS Sims 7' Driving Layup",NA,"Etienne BLOCK (1 BLK)",NA,NA,"4","1631301","Jaylen Sims","1612709922","Greensboro","Swarm","GBO","0","0",NA,NA,NA,NA,NA,"5","1630623","Tyson Etienne","1612709929","College Park","Skyhawks","CPS","0",0
"2052200040","279","4","0","2","7:49 PM","3:55",NA,NA,"Brooks REBOUND (Off:0 Def:1)",NA,NA,"5","1629717","Armoni Brooks","1612709929","College Park","Skyhawks","CPS","0","0",NA,NA,NA,NA,NA,"0","0",NA,NA,NA,NA,NA,"0",0
"2052200040","280","1","79","2","7:50 PM","3:50",NA,NA,"Brooks 26' 3PT Pullup Jump Shot (21 PTS)","57 - 55","-2","5","1629717","Armoni Brooks","1612709929","College Park","Skyhawks","CPS","0","0",NA,NA,NA,NA,NA,"0","0",NA,NA,NA,NA,NA,"0",0
"2052200040","281","2","6","2","7:50 PM","3:40","MISS Crutcher 6' Driving Layup",NA,NA,NA,NA,"4","1630622","Jalen Crutcher","1612709922","Greensboro","Swarm","GBO","0","0",NA,NA,NA,NA,NA,"0","0",NA,NA,NA,NA,NA,"0",0
"2052200040","282","4","0","2","7:50 PM","3:39",NA,NA,"Bezhanishvili REBOUND (Off:0 Def:3)",NA,NA,"5","1630793","Giorgi Bezhanishvili","1612709929","College Park","Skyhawks","CPS","0","0",NA,NA,NA,NA,NA,"0","0",NA,NA,NA,NA,NA,"0",0
"2052200040","283","1","6","2","7:50 PM","3:34",NA,NA,"Ellison 2' Driving Layup (6 PTS) (Brooks 4 AST)","59 - 55","-4","5","1630707","Malik Ellison","1612709929","College Park","Skyhawks","CPS","5","1629717","Armoni Brooks","1612709929","College Park","Skyhawks","CPS","0","0",NA,NA,NA,NA,NA,"0",0
"2052200040","285","1","1","2","7:50 PM","3:13","Whaley 21' Jump Shot (2 PTS)",NA,NA,"59 - 57","-2","4","1631348","Isaiah Whaley","1612709922","Greensboro","Swarm","GBO","0","0",NA,NA,NA,NA,NA,"0","0",NA,NA,NA,NA,NA,"0",0
"2052200040","286","1","79","2","7:50 PM","3:01",NA,NA,"Brooks 25' 3PT Pullup Jump Shot (24 PTS) (Etienne 5 AST)","62 - 57","-5","5","1629717","Armoni Brooks","1612709929","College Park","Skyhawks","CPS","5","1630623","Tyson Etienne","1612709929","College Park","Skyhawks","CPS","0","0",NA,NA,NA,NA,NA,"0",0
"2052200040","288","1","102","2","7:51 PM","2:43","Sims 5' Driving Floating Bank Jump Shot (2 PTS) (McGowens 2 AST)",NA,NA,"62 - 59","-3","4","1631301","Jaylen Sims","1612709922","Greensboro","Swarm","GBO","4","1631121","Bryce McGowens","1612709922","Greensboro","Swarm","GBO","0","0",NA,NA,NA,NA,NA,"0",0
"2052200040","289","1","1","2","7:51 PM","2:33",NA,NA,"Brooks 7' Jump Shot (26 PTS) (Etienne 6 AST)","64 - 59","-5","5","1629717","Armoni Brooks","1612709929","College Park","Skyhawks","CPS","5","1630623","Tyson Etienne","1612709929","College Park","Skyhawks","CPS","0","0",NA,NA,NA,NA,NA,"0",0
"2052200040","291","6","1","2","7:51 PM","2:07",NA,NA,"Ellison P.FOUL (P3.T3)",NA,NA,"5","1630707","Malik Ellison","1612709929","College Park","Skyhawks","CPS","4","1631348","Isaiah Whaley","1612709922","Greensboro","Swarm","GBO","1","0",NA,NA,NA,NA,NA,"0",0
"2052200040","293","8","0","2","7:51 PM","2:07",NA,NA,"SUB: Silva FOR Bezhanishvili",NA,NA,"5","1630793","Giorgi Bezhanishvili","1612709929","College Park","Skyhawks","CPS","5","1629735","Chris Silva","1612709929","College Park","Skyhawks","CPS","0","0",NA,NA,NA,NA,NA,"0",0
"2052200040","295","8","0","2","7:52 PM","2:07",NA,NA,"SUB: Warren FOR Ellison",NA,NA,"5","1630707","Malik Ellison","1612709929","College Park","Skyhawks","CPS","5","1631389","Davion Warren","1612709929","College Park","Skyhawks","CPS","0","0",NA,NA,NA,NA,NA,"0",0
"2052200040","297","5","45","2","7:52 PM","2:01","Sims Out of Bounds - Bad Pass Turnover Turnover (P2.T12)",NA,NA,NA,NA,"4","1631301","Jaylen Sims","1612709922","Greensboro","Swarm","GBO","0","0",NA,NA,NA,NA,NA,"1","0",NA,NA,NA,NA,NA,"0",0
"2052200040","298","1","78","2","7:52 PM","1:49",NA,NA,"Silva 11' Floating Jump Shot (14 PTS) (Warren 1 AST)","66 - 59","-7","5","1629735","Chris Silva","1612709929","College Park","Skyhawks","CPS","5","1631389","Davion Warren","1612709929","College Park","Skyhawks","CPS","0","0",NA,NA,NA,NA,NA,"0",0
"2052200040","300","2","79","2","7:53 PM","1:28","MISS Sims 24' 3PT Pullup Jump Shot",NA,NA,NA,NA,"4","1631301","Jaylen Sims","1612709922","Greensboro","Swarm","GBO","0","0",NA,NA,NA,NA,NA,"0","0",NA,NA,NA,NA,NA,"0",0
"2052200040","301","4","0","2","7:53 PM","1:25",NA,NA,"Brooks REBOUND (Off:0 Def:2)",NA,NA,"5","1629717","Armoni Brooks","1612709929","College Park","Skyhawks","CPS","0","0",NA,NA,NA,NA,NA,"0","0",NA,NA,NA,NA,NA,"0",0
"2052200040","302","2","79","2","7:53 PM","1:19",NA,NA,"MISS Brooks 27' 3PT Pullup Jump Shot",NA,NA,"5","1629717","Armoni Brooks","1612709929","College Park","Skyhawks","CPS","0","0",NA,NA,NA,NA,NA,"0","0",NA,NA,NA,NA,NA,"0",0
"2052200040","303","4","0","2","7:53 PM","1:17","Sims REBOUND (Off:0 Def:5)",NA,NA,NA,NA,"4","1631301","Jaylen Sims","1612709922","Greensboro","Swarm","GBO","0","0",NA,NA,NA,NA,NA,"0","0",NA,NA,NA,NA,NA,"0",0
"2052200040","304","5","1","2","7:53 PM","1:00","Alexander Bad Pass Turnover (P2.T13)",NA,"Lawson STEAL (2 STL)",NA,NA,"4","1630234","Ty-Shon Alexander","1612709922","Greensboro","Swarm","GBO","5","1630639","A.J. Lawson","1612709929","College Park","Skyhawks","CPS","0","0",NA,NA,NA,NA,NA,"0",0
"2052200040","306","6","26","2","7:53 PM","0:57",NA,NA,"Lawson Offensive Charge Foul (P3)",NA,NA,"5","1630639","A.J. Lawson","1612709929","College Park","Skyhawks","CPS","4","1630234","Ty-Shon Alexander","1612709922","Greensboro","Swarm","GBO","1","0",NA,NA,NA,NA,NA,"0",0
"2052200040","308","5","37","2","7:53 PM","0:57",NA,NA,"Lawson Offensive Foul Turnover (P1.T6)",NA,NA,"5","1630639","A.J. Lawson","1612709929","College Park","Skyhawks","CPS","0","0",NA,NA,NA,NA,NA,"1","0",NA,NA,NA,NA,NA,"0",0
"2052200040","310","2","1","2","7:54 PM","0:42","MISS Crutcher 28' 3PT Jump Shot",NA,NA,NA,NA,"4","1630622","Jalen Crutcher","1612709922","Greensboro","Swarm","GBO","0","0",NA,NA,NA,NA,NA,"0","0",NA,NA,NA,NA,NA,"0",0
"2052200040","311","4","0","2","7:54 PM","0:38",NA,NA,"Lawson REBOUND (Off:0 Def:1)",NA,NA,"5","1630639","A.J. Lawson","1612709929","College Park","Skyhawks","CPS","0","0",NA,NA,NA,NA,NA,"0","0",NA,NA,NA,NA,NA,"0",0
"2052200040","312","6","2","2","7:54 PM","0:36","Crutcher S.FOUL (P2.T4)",NA,NA,NA,NA,"4","1630622","Jalen Crutcher","1612709922","Greensboro","Swarm","GBO","5","1630623","Tyson Etienne","1612709929","College Park","Skyhawks","CPS","1","0",NA,NA,NA,NA,NA,"0",0
"2052200040","314","3","31","2","7:54 PM","0:36",NA,NA,"Etienne Free Throw 2PT (2 PTS)","68 - 59","-9","5","1630623","Tyson Etienne","1612709929","College Park","Skyhawks","CPS","0","0",NA,NA,NA,NA,NA,"0","0",NA,NA,NA,NA,NA,"0",0
"2052200040","315","1","9","2","7:55 PM","0:20","McGowens 4' Driving Dunk (11 PTS)",NA,NA,"68 - 61","-7","4","1631121","Bryce McGowens","1612709922","Greensboro","Swarm","GBO","0","0",NA,NA,NA,NA,NA,"0","0",NA,NA,NA,NA,NA,"0",0
"2052200040","316","2","80","2","7:55 PM","0:01",NA,NA,"MISS Brooks 28' 3PT Step Back Jump Shot",NA,NA,"5","1629717","Armoni Brooks","1612709929","College Park","Skyhawks","CPS","0","0",NA,NA,NA,NA,NA,"0","0",NA,NA,NA,NA,NA,"0",0
"2052200040","317","4","0","2","7:55 PM","0:01","Sims REBOUND (Off:0 Def:6)",NA,NA,NA,NA,"4","1631301","Jaylen Sims","1612709922","Greensboro","Swarm","GBO","0","0",NA,NA,NA,NA,NA,"0","0",NA,NA,NA,NA,NA,"0",0
"2052200040","318","13","0","2","7:55 PM","0:00",NA,"End of 2nd Period (7:55 PM EST)",NA,"68 - 61","-7","0","0",NA,NA,NA,NA,NA,"0","0",NA,NA,NA,NA,NA,"0","0",NA,NA,NA,NA,NA,"0",0
"2052200040","329","12","0","3","8:11 PM","12:00",NA,"Start of 3rd Period (8:11 PM EST)",NA,"68 - 61","-7","0","0",NA,NA,NA,NA,NA,"0","0",NA,NA,NA,NA,NA,"0","0",NA,NA,NA,NA,NA,"0",0
"2052200040","330","2","101","3","8:11 PM","11:45",NA,NA,"MISS Ellison 12' Driving Floating Jump Shot",NA,NA,"5","1630707","Malik Ellison","1612709929","College Park","Skyhawks","CPS","0","0",NA,NA,NA,NA,NA,"0","0",NA,NA,NA,NA,NA,"0",0
"2052200040","331","4","0","3","8:11 PM","11:44",NA,NA,"Silva REBOUND (Off:2 Def:3)",NA,NA,"5","1629735","Chris Silva","1612709929","College Park","Skyhawks","CPS","0","0",NA,NA,NA,NA,NA,"0","0",NA,NA,NA,NA,NA,"0",0
"2052200040","332","2","5","3","8:11 PM","11:42","Williams BLOCK (3 BLK)",NA,"MISS Ellison 3' Layup",NA,NA,"5","1630707","Malik Ellison","1612709929","College Park","Skyhawks","CPS","0","0",NA,NA,NA,NA,NA,"4","1631109","Mark Williams","1612709922","Greensboro","Swarm","GBO","0",0
"2052200040","334","4","0","3","8:11 PM","11:40","Duruji REBOUND (Off:0 Def:2)",NA,NA,NA,NA,"4","1631347","Anthony Duruji","1612709922","Greensboro","Swarm","GBO","0","0",NA,NA,NA,NA,NA,"0","0",NA,NA,NA,NA,NA,"0",0
"2052200040","335","1","1","3","8:11 PM","11:34","Simmons 3PT Jump Shot (7 PTS) (McGowens 3 AST)",NA,NA,"68 - 64","-4","4","1628424","Kobi Simmons","1612709922","Greensboro","Swarm","GBO","4","1631121","Bryce McGowens","1612709922","Greensboro","Swarm","GBO","0","0",NA,NA,NA,NA,NA,"0",0
"2052200040","337","1","78","3","8:11 PM","11:16",NA,NA,"Silva 11' Floating Jump Shot (16 PTS) (Williams 8 AST)","70 - 64","-6","5","1629735","Chris Silva","1612709929","College Park","Skyhawks","CPS","5","1630314","Brandon Williams","1612709929","College Park","Skyhawks","CPS","0","0",NA,NA,NA,NA,NA,"0",0
"2052200040","339","5","1","3","8:12 PM","11:00","Simmons Bad Pass Turnover (P2.T14)",NA,"Silva STEAL (2 STL)",NA,NA,"4","1628424","Kobi Simmons","1612709922","Greensboro","Swarm","GBO","5","1629735","Chris Silva","1612709929","College Park","Skyhawks","CPS","0","0",NA,NA,NA,NA,NA,"0",0
"2052200040","341","1","50","3","8:12 PM","10:55",NA,NA,"Ellison 4' Running Dunk (8 PTS) (Silva 2 AST)","72 - 64","-8","5","1630707","Malik Ellison","1612709929","College Park","Skyhawks","CPS","5","1629735","Chris Silva","1612709929","College Park","Skyhawks","CPS","0","0",NA,NA,NA,NA,NA,"0",0
"2052200040","343","1","1","3","8:12 PM","10:28","Duruji 24' 3PT Jump Shot (6 PTS) (McGowens 4 AST)",NA,NA,"72 - 67","-5","4","1631347","Anthony Duruji","1612709922","Greensboro","Swarm","GBO","4","1631121","Bryce McGowens","1612709922","Greensboro","Swarm","GBO","0","0",NA,NA,NA,NA,NA,"0",0
"2052200040","345","2","5","3","8:12 PM","10:08",NA,NA,"MISS Williams 5' Layup",NA,NA,"5","1630314","Brandon Williams","1612709929","College Park","Skyhawks","CPS","0","0",NA,NA,NA,NA,NA,"0","0",NA,NA,NA,NA,NA,"0",0
"2052200040","346","4","0","3","8:12 PM","10:08","Duruji REBOUND (Off:0 Def:3)",NA,NA,NA,NA,"4","1631347","Anthony Duruji","1612709922","Greensboro","Swarm","GBO","0","0",NA,NA,NA,NA,NA,"0","0",NA,NA,NA,NA,NA,"0",0
"2052200040","347","2","79","3","8:13 PM","9:59","MISS Crutcher 26' 3PT Pullup Jump Shot",NA,NA,NA,NA,"4","1630622","Jalen Crutcher","1612709922","Greensboro","Swarm","GBO","0","0",NA,NA,NA,NA,NA,"0","0",NA,NA,NA,NA,NA,"0",0
"2052200040","348","4","0","3","8:13 PM","9:57",NA,NA,"Lawson REBOUND (Off:0 Def:2)",NA,NA,"5","1630639","A.J. Lawson","1612709929","College Park","Skyhawks","CPS","0","0",NA,NA,NA,NA,NA,"0","0",NA,NA,NA,NA,NA,"0",0
"2052200040","349","2","1","3","8:13 PM","9:48",NA,NA,"MISS Brooks 26' 3PT Jump Shot",NA,NA,"5","1629717","Armoni Brooks","1612709929","College Park","Skyhawks","CPS","0","0",NA,NA,NA,NA,NA,"0","0",NA,NA,NA,NA,NA,"0",0
"2052200040","350","4","0","3","8:13 PM","9:48",NA,NA,"Lawson REBOUND (Off:1 Def:2)",NA,NA,"5","1630639","A.J. Lawson","1612709929","College Park","Skyhawks","CPS","0","0",NA,NA,NA,NA,NA,"0","0",NA,NA,NA,NA,NA,"0",0
"2052200040","351","6","2","3","8:13 PM","9:44","Simmons S.FOUL (P4.T1)",NA,NA,NA,NA,"4","1628424","Kobi Simmons","1612709922","Greensboro","Swarm","GBO","5","1630639","A.J. Lawson","1612709929","College Park","Skyhawks","CPS","1","0",NA,NA,NA,NA,NA,"0",0
"2052200040","353","9","1","3","8:13 PM","9:44","SWARM Timeout: Regular (Full 2 Short 0)",NA,NA,NA,NA,"2","1612709922",NA,NA,NA,NA,NA,"0","0",NA,NA,NA,NA,NA,"0","0",NA,NA,NA,NA,NA,"0",0
"2052200040","354","18","4","3","8:13 PM","9:44",NA,"Instant Replay3rd Period (8:13 PM EST)",NA,"72 - 67","-5","0","351","Stacey King",NA,NA,NA,NA,"0","0",NA,NA,NA,NA,NA,"1","0",NA,NA,NA,NA,NA,"0",0
"2052200040","355","8","0","3","8:15 PM","9:44","SUB: Alexander FOR Simmons",NA,NA,NA,NA,"4","1628424","Kobi Simmons","1612709922","Greensboro","Swarm","GBO","4","1630234","Ty-Shon Alexander","1612709922","Greensboro","Swarm","GBO","0","0",NA,NA,NA,NA,NA,"0",0
"2052200040","357","3","31","3","8:16 PM","9:44",NA,NA,"MISS Lawson Free Throw 2PT",NA,NA,"5","1630639","A.J. Lawson","1612709929","College Park","Skyhawks","CPS","0","0",NA,NA,NA,NA,NA,"0","0",NA,NA,NA,NA,NA,"0",0
"2052200040","358","4","0","3","8:16 PM","9:42","McGowens REBOUND (Off:0 Def:1)",NA,NA,NA,NA,"4","1631121","Bryce McGowens","1612709922","Greensboro","Swarm","GBO","0","0",NA,NA,NA,NA,NA,"0","0",NA,NA,NA,NA,NA,"0",0
"2052200040","359","6","2","3","8:16 PM","9:36",NA,NA,"Silva S.FOUL (P1.T1)",NA,NA,"5","1629735","Chris Silva","1612709929","College Park","Skyhawks","CPS","4","1631121","Bryce McGowens","1612709922","Greensboro","Swarm","GBO","1","0",NA,NA,NA,NA,NA,"0",0
"2052200040","361","3","31","3","8:16 PM","9:36","McGowens Free Throw 2PT (13 PTS)",NA,NA,"72 - 69","-3","4","1631121","Bryce McGowens","1612709922","Greensboro","Swarm","GBO","0","0",NA,NA,NA,NA,NA,"0","0",NA,NA,NA,NA,NA,"0",0
"2052200040","362","1","1","3","8:17 PM","9:20",NA,NA,"Brooks 28' 3PT Jump Shot (29 PTS) (Lawson 1 AST)","75 - 69","-6","5","1629717","Armoni Brooks","1612709929","College Park","Skyhawks","CPS","5","1630639","A.J. Lawson","1612709929","College Park","Skyhawks","CPS","0","0",NA,NA,NA,NA,NA,"0",0
"2052200040","364","2","63","3","8:17 PM","9:04","MISS McGowens 12' Fadeaway Jumper",NA,NA,NA,NA,"4","1631121","Bryce McGowens","1612709922","Greensboro","Swarm","GBO","0","0",NA,NA,NA,NA,NA,"0","0",NA,NA,NA,NA,NA,"0",0
"2052200040","365","4","0","3","8:17 PM","9:02","Williams REBOUND (Off:3 Def:4)",NA,NA,NA,NA,"4","1631109","Mark Williams","1612709922","Greensboro","Swarm","GBO","0","0",NA,NA,NA,NA,NA,"0","0",NA,NA,NA,NA,NA,"0",0
"2052200040","366","1","72","3","8:17 PM","9:00","Williams 4' Putback Layup (18 PTS)",NA,NA,"75 - 71","-4","4","1631109","Mark Williams","1612709922","Greensboro","Swarm","GBO","0","0",NA,NA,NA,NA,NA,"0","0",NA,NA,NA,NA,NA,"0",0
"2052200040","367","2","1","3","8:17 PM","8:47",NA,NA,"MISS Brooks 29' 3PT Jump Shot",NA,NA,"5","1629717","Armoni Brooks","1612709929","College Park","Skyhawks","CPS","0","0",NA,NA,NA,NA,NA,"0","0",NA,NA,NA,NA,NA,"0",0
"2052200040","368","4","0","3","8:17 PM","8:40",NA,NA,"Silva REBOUND (Off:3 Def:3)",NA,NA,"5","1629735","Chris Silva","1612709929","College Park","Skyhawks","CPS","0","0",NA,NA,NA,NA,NA,"0","0",NA,NA,NA,NA,NA,"0",0
"2052200040","369","1","97","3","8:17 PM","8:40",NA,NA,"Silva Tip Layup Shot (18 PTS)","77 - 71","-6","5","1629735","Chris Silva","1612709929","College Park","Skyhawks","CPS","0","0",NA,NA,NA,NA,NA,"0","0",NA,NA,NA,NA,NA,"0",0
"2052200040","370","6","2","3","8:17 PM","8:35",NA,NA,"Ellison S.FOUL (P4.T2)",NA,NA,"5","1630707","Malik Ellison","1612709929","College Park","Skyhawks","CPS","4","1630234","Ty-Shon Alexander","1612709922","Greensboro","Swarm","GBO","1","0",NA,NA,NA,NA,NA,"0",0
"2052200040","372","8","0","3","8:18 PM","8:35",NA,NA,"SUB: Etienne FOR Ellison",NA,NA,"5","1630707","Malik Ellison","1612709929","College Park","Skyhawks","CPS","5","1630623","Tyson Etienne","1612709929","College Park","Skyhawks","CPS","0","0",NA,NA,NA,NA,NA,"0",0
"2052200040","374","3","31","3","8:18 PM","8:35","MISS Alexander Free Throw 2PT",NA,NA,NA,NA,"4","1630234","Ty-Shon Alexander","1612709922","Greensboro","Swarm","GBO","0","0",NA,NA,NA,NA,NA,"0","0",NA,NA,NA,NA,NA,"0",0
"2052200040","375","4","0","3","8:18 PM","8:31",NA,NA,"Silva REBOUND (Off:3 Def:4)",NA,NA,"5","1629735","Chris Silva","1612709929","College Park","Skyhawks","CPS","0","0",NA,NA,NA,NA,NA,"0","0",NA,NA,NA,NA,NA,"0",0
"2052200040","376","2","3","3","8:18 PM","8:19",NA,NA,"MISS Silva 5' Hook Shot",NA,NA,"5","1629735","Chris Silva","1612709929","College Park","Skyhawks","CPS","0","0",NA,NA,NA,NA,NA,"0","0",NA,NA,NA,NA,NA,"0",0
"2052200040","377","4","0","3","8:18 PM","8:18","Duruji REBOUND (Off:0 Def:4)",NA,NA,NA,NA,"4","1631347","Anthony Duruji","1612709922","Greensboro","Swarm","GBO","0","0",NA,NA,NA,NA,NA,"0","0",NA,NA,NA,NA,NA,"0",0
"2052200040","378","2","6","3","8:19 PM","8:10","MISS McGowens 4' Driving Layup",NA,NA,NA,NA,"4","1631121","Bryce McGowens","1612709922","Greensboro","Swarm","GBO","0","0",NA,NA,NA,NA,NA,"0","0",NA,NA,NA,NA,NA,"0",0
"2052200040","379","4","0","3","8:19 PM","8:07",NA,NA,"Williams REBOUND (Off:0 Def:1)",NA,NA,"5","1630314","Brandon Williams","1612709929","College Park","Skyhawks","CPS","0","0",NA,NA,NA,NA,NA,"0","0",NA,NA,NA,NA,NA,"0",0
"2052200040","380","5","1","3","8:19 PM","8:02","Crutcher STEAL (1 STL)",NA,"Lawson Bad Pass Turnover (P2.T7)",NA,NA,"5","1630639","A.J. Lawson","1612709929","College Park","Skyhawks","CPS","4","1630622","Jalen Crutcher","1612709922","Greensboro","Swarm","GBO","0","0",NA,NA,NA,NA,NA,"0",0
"2052200040","382","2","98","3","8:19 PM","7:49","MISS Williams 4' Cutting Layup Shot",NA,NA,NA,NA,"4","1631109","Mark Williams","1612709922","Greensboro","Swarm","GBO","0","0",NA,NA,NA,NA,NA,"0","0",NA,NA,NA,NA,NA,"0",0
"2052200040","383","4","0","3","8:19 PM","7:47",NA,NA,"Silva REBOUND (Off:3 Def:5)",NA,NA,"5","1629735","Chris Silva","1612709929","College Park","Skyhawks","CPS","0","0",NA,NA,NA,NA,NA,"0","0",NA,NA,NA,NA,NA,"0",0
"2052200040","384","6","1","3","8:19 PM","7:43","McGowens P.FOUL (P2.T2)",NA,NA,NA,NA,"4","1631121","Bryce McGowens","1612709922","Greensboro","Swarm","GBO","5","1629735","Chris Silva","1612709929","College Park","Skyhawks","CPS","1","0",NA,NA,NA,NA,NA,"0",0
"2052200040","386","1","78","3","8:20 PM","7:32",NA,NA,"Silva 12' Floating Jump Shot (20 PTS) (Williams 9 AST)","79 - 71","-8","5","1629735","Chris Silva","1612709929","College Park","Skyhawks","CPS","5","1630314","Brandon Williams","1612709929","College Park","Skyhawks","CPS","0","0",NA,NA,NA,NA,NA,"0",0
"2052200040","388","2","79","3","8:20 PM","7:07","MISS Alexander 15' Pullup Jump Shot",NA,NA,NA,NA,"4","1630234","Ty-Shon Alexander","1612709922","Greensboro","Swarm","GBO","0","0",NA,NA,NA,NA,NA,"0","0",NA,NA,NA,NA,NA,"0",0
"2052200040","389","4","0","3","8:20 PM","7:05",NA,NA,"Lawson REBOUND (Off:1 Def:3)",NA,NA,"5","1630639","A.J. Lawson","1612709929","College Park","Skyhawks","CPS","0","0",NA,NA,NA,NA,NA,"0","0",NA,NA,NA,NA,NA,"0",0
"2052200040","390","1","108","3","8:20 PM","6:51",NA,NA,"Lawson 6' Cutting Dunk Shot (6 PTS) (Silva 3 AST)","81 - 71","-10","5","1630639","A.J. Lawson","1612709929","College Park","Skyhawks","CPS","5","1629735","Chris Silva","1612709929","College Park","Skyhawks","CPS","0","0",NA,NA,NA,NA,NA,"0",0
"2052200040","392","1","102","3","8:21 PM","6:31","Crutcher 4' Driving Floating Bank Jump Shot (13 PTS)",NA,NA,"81 - 73","-8","4","1630622","Jalen Crutcher","1612709922","Greensboro","Swarm","GBO","0","0",NA,NA,NA,NA,NA,"0","0",NA,NA,NA,NA,NA,"0",0
"2052200040","393","1","6","3","8:21 PM","6:14",NA,NA,"Brooks 4' Driving Layup (31 PTS) (Etienne 7 AST)","83 - 73","-10","5","1629717","Armoni Brooks","1612709929","College Park","Skyhawks","CPS","5","1630623","Tyson Etienne","1612709929","College Park","Skyhawks","CPS","0","0",NA,NA,NA,NA,NA,"0",0
"2052200040","396","8","0","3","8:21 PM","5:58","SUB: Sims FOR Duruji",NA,NA,NA,NA,"4","1631347","Anthony Duruji","1612709922","Greensboro","Swarm","GBO","4","1631301","Jaylen Sims","1612709922","Greensboro","Swarm","GBO","0","0",NA,NA,NA,NA,NA,"0",0
"2052200040","397","8","0","3","8:21 PM","5:58",NA,NA,"SUB: Bezhanishvili FOR Silva",NA,NA,"5","1629735","Chris Silva","1612709929","College Park","Skyhawks","CPS","5","1630793","Giorgi Bezhanishvili","1612709929","College Park","Skyhawks","CPS","0","0",NA,NA,NA,NA,NA,"0",0
"2052200040","400","2","79","3","8:22 PM","5:50","MISS McGowens 26' 3PT Pullup Jump Shot",NA,NA,NA,NA,"4","1631121","Bryce McGowens","1612709922","Greensboro","Swarm","GBO","0","0",NA,NA,NA,NA,NA,"0","0",NA,NA,NA,NA,NA,"0",0
"2052200040","401","4","0","3","8:22 PM","5:48","Alexander REBOUND (Off:1 Def:0)",NA,NA,NA,NA,"4","1630234","Ty-Shon Alexander","1612709922","Greensboro","Swarm","GBO","0","0",NA,NA,NA,NA,NA,"0","0",NA,NA,NA,NA,NA,"0",0
"2052200040","402","9","1","3","8:22 PM","5:41","SWARM Timeout: Regular (Full 3 Short 0)",NA,NA,NA,NA,"2","1612709922",NA,NA,NA,NA,NA,"0","0",NA,NA,NA,NA,NA,"0","0",NA,NA,NA,NA,NA,"0",0
"2052200040","403","8","0","3","8:22 PM","5:41","SUB: Wheeler FOR Williams",NA,NA,NA,NA,"4","1631109","Mark Williams","1612709922","Greensboro","Swarm","GBO","4","1631290","Aaron Wheeler","1612709922","Greensboro","Swarm","GBO","0","0",NA,NA,NA,NA,NA,"0",0
"2052200040","404","8","0","3","8:22 PM","5:41","SUB: Whaley FOR McGowens",NA,NA,NA,NA,"4","1631121","Bryce McGowens","1612709922","Greensboro","Swarm","GBO","4","1631348","Isaiah Whaley","1612709922","Greensboro","Swarm","GBO","0","0",NA,NA,NA,NA,NA,"0",0
"2052200040","407","2","1","3","8:24 PM","5:36","MISS Alexander 3PT Jump Shot",NA,NA,NA,NA,"4","1630234","Ty-Shon Alexander","1612709922","Greensboro","Swarm","GBO","0","0",NA,NA,NA,NA,NA,"0","0",NA,NA,NA,NA,NA,"0",0
"2052200040","408","4","0","3","8:24 PM","5:31",NA,NA,"Bezhanishvili REBOUND (Off:0 Def:4)",NA,NA,"5","1630793","Giorgi Bezhanishvili","1612709929","College Park","Skyhawks","CPS","0","0",NA,NA,NA,NA,NA,"0","0",NA,NA,NA,NA,NA,"0",0
"2052200040","409","1","9","3","8:24 PM","5:19",NA,NA,"Lawson 4' Driving Dunk (8 PTS) (Brooks 5 AST)","85 - 73","-12","5","1630639","A.J. Lawson","1612709929","College Park","Skyhawks","CPS","5","1629717","Armoni Brooks","1612709929","College Park","Skyhawks","CPS","0","0",NA,NA,NA,NA,NA,"0",0
"2052200040","411","5","1","3","8:25 PM","5:03","Wheeler Bad Pass Turnover (P2.T15)",NA,"Williams STEAL (1 STL)",NA,NA,"4","1631290","Aaron Wheeler","1612709922","Greensboro","Swarm","GBO","5","1630314","Brandon Williams","1612709929","College Park","Skyhawks","CPS","0","0",NA,NA,NA,NA,NA,"0",0
"2052200040","413","1","9","3","8:25 PM","5:00",NA,NA,"Williams 5' Driving Dunk (16 PTS)","87 - 73","-14","5","1630314","Brandon Williams","1612709929","College Park","Skyhawks","CPS","0","0",NA,NA,NA,NA,NA,"0","0",NA,NA,NA,NA,NA,"0",0
"2052200040","414","2","79","3","8:25 PM","4:36","MISS Sims 15' Pullup Jump Shot",NA,NA,NA,NA,"4","1631301","Jaylen Sims","1612709922","Greensboro","Swarm","GBO","0","0",NA,NA,NA,NA,NA,"0","0",NA,NA,NA,NA,NA,"0",0
"2052200040","415","4","0","3","8:25 PM","4:33",NA,NA,"Bezhanishvili REBOUND (Off:0 Def:5)",NA,NA,"5","1630793","Giorgi Bezhanishvili","1612709929","College Park","Skyhawks","CPS","0","0",NA,NA,NA,NA,NA,"0","0",NA,NA,NA,NA,NA,"0",0
"2052200040","416","2","80","3","8:25 PM","4:25",NA,NA,"MISS Brooks 18' Step Back Jump Shot",NA,NA,"5","1629717","Armoni Brooks","1612709929","College Park","Skyhawks","CPS","0","0",NA,NA,NA,NA,NA,"0","0",NA,NA,NA,NA,NA,"0",0
"2052200040","417","4","0","3","8:25 PM","4:21","Sims REBOUND (Off:0 Def:7)",NA,NA,NA,NA,"4","1631301","Jaylen Sims","1612709922","Greensboro","Swarm","GBO","0","0",NA,NA,NA,NA,NA,"0","0",NA,NA,NA,NA,NA,"0",0
"2052200040","418","6","26","3","8:25 PM","4:21","Wheeler Offensive Charge Foul (P1)",NA,NA,NA,NA,"4","1631290","Aaron Wheeler","1612709922","Greensboro","Swarm","GBO","5","1629717","Armoni Brooks","1612709929","College Park","Skyhawks","CPS","1","0",NA,NA,NA,NA,NA,"0",0
"2052200040","420","5","37","3","8:25 PM","4:21","Wheeler Offensive Foul Turnover (P3.T16)",NA,NA,NA,NA,"4","1631290","Aaron Wheeler","1612709922","Greensboro","Swarm","GBO","0","0",NA,NA,NA,NA,NA,"1","0",NA,NA,NA,NA,NA,"0",0
"2052200040","421","8","0","3","8:25 PM","4:21","SUB: Simmons FOR Crutcher",NA,NA,NA,NA,"4","1630622","Jalen Crutcher","1612709922","Greensboro","Swarm","GBO","4","1628424","Kobi Simmons","1612709922","Greensboro","Swarm","GBO","0","0",NA,NA,NA,NA,NA,"0",0
"2052200040","422","8","0","3","8:25 PM","4:21",NA,NA,"SUB: Watson FOR Williams",NA,NA,"5","1630314","Brandon Williams","1612709929","College Park","Skyhawks","CPS","5","1630801","Ibi Watson","1612709929","College Park","Skyhawks","CPS","0","0",NA,NA,NA,NA,NA,"0",0
"2052200040","425","1","79","3","8:26 PM","4:04",NA,NA,"Watson 17' Pullup Jump Shot (2 PTS)","89 - 73","-16","5","1630801","Ibi Watson","1612709929","College Park","Skyhawks","CPS","0","0",NA,NA,NA,NA,NA,"0","0",NA,NA,NA,NA,NA,"0",0
"2052200040","426","6","2","3","8:26 PM","3:49",NA,NA,"Bezhanishvili S.FOUL (P4.T3)",NA,NA,"5","1630793","Giorgi Bezhanishvili","1612709929","College Park","Skyhawks","CPS","4","1631290","Aaron Wheeler","1612709922","Greensboro","Swarm","GBO","1","0",NA,NA,NA,NA,NA,"0",0
"2052200040","428","3","31","3","8:27 PM","3:49","Wheeler Free Throw 2PT (2 PTS)",NA,NA,"89 - 75","-14","4","1631290","Aaron Wheeler","1612709922","Greensboro","Swarm","GBO","0","0",NA,NA,NA,NA,NA,"0","0",NA,NA,NA,NA,NA,"0",0
"2052200040","429","6","2","3","8:27 PM","3:39","Whaley S.FOUL (P2.T3)",NA,NA,NA,NA,"4","1631348","Isaiah Whaley","1612709922","Greensboro","Swarm","GBO","5","1630639","A.J. Lawson","1612709929","College Park","Skyhawks","CPS","1","0",NA,NA,NA,NA,NA,"0",0
"2052200040","431","3","31","3","8:27 PM","3:39",NA,NA,"Lawson Free Throw 2PT (10 PTS)","91 - 75","-16","5","1630639","A.J. Lawson","1612709929","College Park","Skyhawks","CPS","0","0",NA,NA,NA,NA,NA,"0","0",NA,NA,NA,NA,NA,"0",0
"2052200040","432","5","39","3","8:28 PM","3:34","Simmons Step Out of Bounds Turnover (P3.T17)",NA,NA,NA,NA,"4","1628424","Kobi Simmons","1612709922","Greensboro","Swarm","GBO","0","0",NA,NA,NA,NA,NA,"1","0",NA,NA,NA,NA,NA,"0",0
"2052200040","433","2","79","3","8:28 PM","3:23",NA,NA,"MISS Lawson 27' 3PT Pullup Jump Shot",NA,NA,"5","1630639","A.J. Lawson","1612709929","College Park","Skyhawks","CPS","0","0",NA,NA,NA,NA,NA,"0","0",NA,NA,NA,NA,NA,"0",0
"2052200040","434","4","0","3","8:28 PM","3:18","Alexander REBOUND (Off:1 Def:1)",NA,NA,NA,NA,"4","1630234","Ty-Shon Alexander","1612709922","Greensboro","Swarm","GBO","0","0",NA,NA,NA,NA,NA,"0","0",NA,NA,NA,NA,NA,"0",0
"2052200040","435","1","1","3","8:28 PM","3:01","Wheeler 3PT Jump Shot (5 PTS) (Alexander 3 AST)",NA,NA,"91 - 78","-13","4","1631290","Aaron Wheeler","1612709922","Greensboro","Swarm","GBO","4","1630234","Ty-Shon Alexander","1612709922","Greensboro","Swarm","GBO","0","0",NA,NA,NA,NA,NA,"0",0
"2052200040","437","2","1","3","8:29 PM","2:42",NA,NA,"MISS Bezhanishvili 27' 3PT Jump Shot",NA,NA,"5","1630793","Giorgi Bezhanishvili","1612709929","College Park","Skyhawks","CPS","0","0",NA,NA,NA,NA,NA,"0","0",NA,NA,NA,NA,NA,"0",0
"2052200040","438","4","0","3","8:29 PM","2:37","Sims REBOUND (Off:0 Def:8)",NA,NA,NA,NA,"4","1631301","Jaylen Sims","1612709922","Greensboro","Swarm","GBO","0","0",NA,NA,NA,NA,NA,"0","0",NA,NA,NA,NA,NA,"0",0
"2052200040","439","6","26","3","8:29 PM","2:35","Sims Offensive Charge Foul (P2)",NA,NA,NA,NA,"4","1631301","Jaylen Sims","1612709922","Greensboro","Swarm","GBO","5","1629717","Armoni Brooks","1612709929","College Park","Skyhawks","CPS","1","0",NA,NA,NA,NA,NA,"0",0
"2052200040","441","5","37","3","8:29 PM","2:35","Sims Offensive Foul Turnover (P3.T18)",NA,NA,NA,NA,"4","1631301","Jaylen Sims","1612709922","Greensboro","Swarm","GBO","0","0",NA,NA,NA,NA,NA,"1","0",NA,NA,NA,NA,NA,"0",0
"2052200040","442","8","0","3","8:29 PM","2:35",NA,NA,"SUB: Warren FOR Brooks",NA,NA,"5","1629717","Armoni Brooks","1612709929","College Park","Skyhawks","CPS","5","1631389","Davion Warren","1612709929","College Park","Skyhawks","CPS","0","0",NA,NA,NA,NA,NA,"0",0
"2052200040","444","2","79","3","8:29 PM","2:20",NA,NA,"MISS Watson 26' 3PT Pullup Jump Shot",NA,NA,"5","1630801","Ibi Watson","1612709929","College Park","Skyhawks","CPS","0","0",NA,NA,NA,NA,NA,"0","0",NA,NA,NA,NA,NA,"0",0
"2052200040","445","4","0","3","8:29 PM","2:16","Wheeler REBOUND (Off:0 Def:1)",NA,NA,NA,NA,"4","1631290","Aaron Wheeler","1612709922","Greensboro","Swarm","GBO","0","0",NA,NA,NA,NA,NA,"0","0",NA,NA,NA,NA,NA,"0",0
"2052200040","446","1","44","3","8:30 PM","1:59","Whaley 3' Reverse Layup (4 PTS) (Simmons 2 AST)",NA,NA,"91 - 80","-11","4","1631348","Isaiah Whaley","1612709922","Greensboro","Swarm","GBO","4","1628424","Kobi Simmons","1612709922","Greensboro","Swarm","GBO","0","0",NA,NA,NA,NA,NA,"0",0
"2052200040","448","5","45","3","8:30 PM","1:45",NA,NA,"Lawson Out of Bounds - Bad Pass Turnover Turnover (P3.T8)",NA,NA,"5","1630639","A.J. Lawson","1612709929","College Park","Skyhawks","CPS","0","0",NA,NA,NA,NA,NA,"1","0",NA,NA,NA,NA,NA,"0",0
"2052200040","449","8","0","3","8:30 PM","1:45","SUB: McGowens FOR Sims",NA,NA,NA,NA,"4","1631301","Jaylen Sims","1612709922","Greensboro","Swarm","GBO","4","1631121","Bryce McGowens","1612709922","Greensboro","Swarm","GBO","0","0",NA,NA,NA,NA,NA,"0",0
"2052200040","450","8","0","3","8:30 PM","1:45",NA,NA,"SUB: Ellison FOR Lawson",NA,NA,"5","1630639","A.J. Lawson","1612709929","College Park","Skyhawks","CPS","5","1630707","Malik Ellison","1612709929","College Park","Skyhawks","CPS","0","0",NA,NA,NA,NA,NA,"0",0
"2052200040","453","1","102","3","8:31 PM","1:30","Simmons 3' Driving Floating Bank Jump Shot (9 PTS)",NA,NA,"91 - 82","-9","4","1628424","Kobi Simmons","1612709922","Greensboro","Swarm","GBO","0","0",NA,NA,NA,NA,NA,"0","0",NA,NA,NA,NA,NA,"0",0
"2052200040","454","2","79","3","8:31 PM","1:18",NA,NA,"MISS Warren 9' Pullup Jump Shot",NA,NA,"5","1631389","Davion Warren","1612709929","College Park","Skyhawks","CPS","0","0",NA,NA,NA,NA,NA,"0","0",NA,NA,NA,NA,NA,"0",0
"2052200040","455","4","0","3","8:31 PM","1:15","Wheeler REBOUND (Off:0 Def:2)",NA,NA,NA,NA,"4","1631290","Aaron Wheeler","1612709922","Greensboro","Swarm","GBO","0","0",NA,NA,NA,NA,NA,"0","0",NA,NA,NA,NA,NA,"0",0
"2052200040","456","5","39","3","8:31 PM","1:12","Whaley Step Out of Bounds Turnover (P1.T19)",NA,NA,NA,NA,"4","1631348","Isaiah Whaley","1612709922","Greensboro","Swarm","GBO","0","0",NA,NA,NA,NA,NA,"1","0",NA,NA,NA,NA,NA,"0",0
"2052200040","457","2","44","3","8:31 PM","0:56",NA,NA,"MISS Bezhanishvili 3' Reverse Layup",NA,NA,"5","1630793","Giorgi Bezhanishvili","1612709929","College Park","Skyhawks","CPS","0","0",NA,NA,NA,NA,NA,"0","0",NA,NA,NA,NA,NA,"0",0
"2052200040","458","4","0","3","8:31 PM","0:54","McGowens REBOUND (Off:0 Def:2)",NA,NA,NA,NA,"4","1631121","Bryce McGowens","1612709922","Greensboro","Swarm","GBO","0","0",NA,NA,NA,NA,NA,"0","0",NA,NA,NA,NA,NA,"0",0
"2052200040","459","1","79","3","8:32 PM","0:50","McGowens 26' 3PT Pullup Jump Shot (16 PTS)",NA,NA,"91 - 85","-6","4","1631121","Bryce McGowens","1612709922","Greensboro","Swarm","GBO","0","0",NA,NA,NA,NA,NA,"0","0",NA,NA,NA,NA,NA,"0",0
"2052200040","460","1","79","3","8:32 PM","0:34",NA,NA,"Etienne 16' Pullup Jump Shot (4 PTS)","93 - 85","-8","5","1630623","Tyson Etienne","1612709929","College Park","Skyhawks","CPS","0","0",NA,NA,NA,NA,NA,"0","0",NA,NA,NA,NA,NA,"0",0
"2052200040","461","2","6","3","8:32 PM","0:13","MISS Alexander 6' Driving Layup",NA,NA,NA,NA,"4","1630234","Ty-Shon Alexander","1612709922","Greensboro","Swarm","GBO","0","0",NA,NA,NA,NA,NA,"0","0",NA,NA,NA,NA,NA,"0",0
"2052200040","462","4","0","3","8:32 PM","0:11",NA,NA,"Warren REBOUND (Off:0 Def:1)",NA,NA,"5","1631389","Davion Warren","1612709929","College Park","Skyhawks","CPS","0","0",NA,NA,NA,NA,NA,"0","0",NA,NA,NA,NA,NA,"0",0
"2052200040","463","6","2","3","8:33 PM","0:00","Wheeler S.FOUL (P2.T4)",NA,NA,NA,NA,"4","1631290","Aaron Wheeler","1612709922","Greensboro","Swarm","GBO","5","1630623","Tyson Etienne","1612709929","College Park","Skyhawks","CPS","1","0",NA,NA,NA,NA,NA,"0",0
"2052200040","465","3","31","3","8:33 PM","0:00",NA,NA,"MISS Etienne Free Throw 2PT",NA,NA,"5","1630623","Tyson Etienne","1612709929","College Park","Skyhawks","CPS","0","0",NA,NA,NA,NA,NA,"0","0",NA,NA,NA,NA,NA,"0",0
"2052200040","466","4","0","3","8:33 PM","0:00","McGowens REBOUND (Off:0 Def:3)",NA,NA,NA,NA,"4","1631121","Bryce McGowens","1612709922","Greensboro","Swarm","GBO","0","0",NA,NA,NA,NA,NA,"0","0",NA,NA,NA,NA,NA,"0",0
"2052200040","467","13","0","3","8:33 PM","0:00",NA,"End of 3rd Period (8:33 PM EST)",NA,"93 - 85","-8","0","0",NA,NA,NA,NA,NA,"0","0",NA,NA,NA,NA,NA,"0","0",NA,NA,NA,NA,NA,"0",0
"2052200040","476","12","0","4","8:36 PM","12:00",NA,"Start of 4th Period (8:36 PM EST)",NA,"93 - 85","-8","0","0",NA,NA,NA,NA,NA,"0","0",NA,NA,NA,NA,NA,"0","0",NA,NA,NA,NA,NA,"0",0
"2052200040","477","2","6","4","8:36 PM","11:49","MISS Crutcher 4' Driving Layup",NA,NA,NA,NA,"4","1630622","Jalen Crutcher","1612709922","Greensboro","Swarm","GBO","0","0",NA,NA,NA,NA,NA,"0","0",NA,NA,NA,NA,NA,"0",0
"2052200040","478","4","0","4","8:36 PM","11:44","Simmons REBOUND (Off:1 Def:2)",NA,NA,NA,NA,"4","1628424","Kobi Simmons","1612709922","Greensboro","Swarm","GBO","0","0",NA,NA,NA,NA,NA,"0","0",NA,NA,NA,NA,NA,"0",0
"2052200040","479","2","97","4","8:36 PM","11:44","MISS Simmons Tip Layup Shot",NA,NA,NA,NA,"4","1628424","Kobi Simmons","1612709922","Greensboro","Swarm","GBO","0","0",NA,NA,NA,NA,NA,"0","0",NA,NA,NA,NA,NA,"0",0
"2052200040","480","4","0","4","8:36 PM","11:43",NA,NA,"Ellison REBOUND (Off:0 Def:1)",NA,NA,"5","1630707","Malik Ellison","1612709929","College Park","Skyhawks","CPS","0","0",NA,NA,NA,NA,NA,"0","0",NA,NA,NA,NA,NA,"0",0
"2052200040","481","5","11","4","8:36 PM","11:24",NA,NA,"Skyhawks Turnover: Shot Clock (T#9)",NA,NA,"3","1612709929",NA,NA,NA,NA,NA,"0","0",NA,NA,NA,NA,NA,"1","0",NA,NA,NA,NA,NA,"0",0
"2052200040","482","1","79","4","8:37 PM","11:09","McGowens 26' 3PT Pullup Jump Shot (19 PTS) (Crutcher 3 AST)",NA,NA,"93 - 88","-5","4","1631121","Bryce McGowens","1612709922","Greensboro","Swarm","GBO","4","1630622","Jalen Crutcher","1612709922","Greensboro","Swarm","GBO","0","0",NA,NA,NA,NA,NA,"0",0
"2052200040","484","5","2","4","8:37 PM","10:53","Alexander STEAL (1 STL)",NA,"Watson Lost Ball Turnover (P1.T10)",NA,NA,"5","1630801","Ibi Watson","1612709929","College Park","Skyhawks","CPS","4","1630234","Ty-Shon Alexander","1612709922","Greensboro","Swarm","GBO","0","0",NA,NA,NA,NA,NA,"0",0
"2052200040","486","1","6","4","8:38 PM","10:47","Alexander 5' Driving Layup (14 PTS)",NA,NA,"93 - 90","-3","4","1630234","Ty-Shon Alexander","1612709922","Greensboro","Swarm","GBO","0","0",NA,NA,NA,NA,NA,"0","0",NA,NA,NA,NA,NA,"0",0
"2052200040","487","6","2","4","8:38 PM","10:33","Williams S.FOUL (P2.T1)",NA,NA,NA,NA,"4","1631109","Mark Williams","1612709922","Greensboro","Swarm","GBO","5","1630314","Brandon Williams","1612709929","College Park","Skyhawks","CPS","1","0",NA,NA,NA,NA,NA,"0",0
"2052200040","489","8","0","4","8:38 PM","10:33",NA,NA,"SUB: Lawson FOR Watson",NA,NA,"5","1630801","Ibi Watson","1612709929","College Park","Skyhawks","CPS","5","1630639","A.J. Lawson","1612709929","College Park","Skyhawks","CPS","0","0",NA,NA,NA,NA,NA,"0",0
"2052200040","491","3","31","4","8:38 PM","10:33",NA,NA,"Williams Free Throw 2PT (18 PTS)","95 - 90","-5","5","1630314","Brandon Williams","1612709929","College Park","Skyhawks","CPS","0","0",NA,NA,NA,NA,NA,"0","0",NA,NA,NA,NA,NA,"0",0
"2052200040","492","1","6","4","8:39 PM","10:20","Simmons 5' Driving Layup (11 PTS)",NA,NA,"95 - 92","-3","4","1628424","Kobi Simmons","1612709922","Greensboro","Swarm","GBO","0","0",NA,NA,NA,NA,NA,"0","0",NA,NA,NA,NA,NA,"0",0
"2052200040","493","2","79","4","8:39 PM","10:04",NA,NA,"MISS Williams 17' Pullup Jump Shot",NA,NA,"5","1630314","Brandon Williams","1612709929","College Park","Skyhawks","CPS","0","0",NA,NA,NA,NA,NA,"0","0",NA,NA,NA,NA,NA,"0",0
"2052200040","494","4","0","4","8:39 PM","10:03","Williams REBOUND (Off:3 Def:5)",NA,NA,NA,NA,"4","1631109","Mark Williams","1612709922","Greensboro","Swarm","GBO","0","0",NA,NA,NA,NA,NA,"0","0",NA,NA,NA,NA,NA,"0",0
"2052200040","495","2","1","4","8:39 PM","9:49","MISS Crutcher 28' 3PT Jump Shot",NA,NA,NA,NA,"4","1630622","Jalen Crutcher","1612709922","Greensboro","Swarm","GBO","0","0",NA,NA,NA,NA,NA,"0","0",NA,NA,NA,NA,NA,"0",0
"2052200040","496","4","0","4","8:39 PM","9:46",NA,NA,"Williams REBOUND (Off:0 Def:2)",NA,NA,"5","1630314","Brandon Williams","1612709929","College Park","Skyhawks","CPS","0","0",NA,NA,NA,NA,NA,"0","0",NA,NA,NA,NA,NA,"0",0
"2052200040","497","2","79","4","8:39 PM","9:42",NA,NA,"MISS Williams 26' 3PT Pullup Jump Shot",NA,NA,"5","1630314","Brandon Williams","1612709929","College Park","Skyhawks","CPS","0","0",NA,NA,NA,NA,NA,"0","0",NA,NA,NA,NA,NA,"0",0
"2052200040","498","4","0","4","8:39 PM","9:39","Williams REBOUND (Off:3 Def:6)",NA,NA,NA,NA,"4","1631109","Mark Williams","1612709922","Greensboro","Swarm","GBO","0","0",NA,NA,NA,NA,NA,"0","0",NA,NA,NA,NA,NA,"0",0
"2052200040","499","1","52","4","8:39 PM","9:31","Williams 2' Alley Oop Dunk (20 PTS) (Alexander 4 AST)",NA,NA,"95 - 94","-1","4","1631109","Mark Williams","1612709922","Greensboro","Swarm","GBO","4","1630234","Ty-Shon Alexander","1612709922","Greensboro","Swarm","GBO","0","0",NA,NA,NA,NA,NA,"0",0
"2052200040","501","6","2","4","8:39 PM","9:31",NA,NA,"Bezhanishvili S.FOUL (P5.T1)",NA,NA,"5","1630793","Giorgi Bezhanishvili","1612709929","College Park","Skyhawks","CPS","4","1631109","Mark Williams","1612709922","Greensboro","Swarm","GBO","1","0",NA,NA,NA,NA,NA,"0",0
"2052200040","503","8","0","4","8:40 PM","9:31",NA,NA,"SUB: Silva FOR Bezhanishvili",NA,NA,"5","1630793","Giorgi Bezhanishvili","1612709929","College Park","Skyhawks","CPS","5","1629735","Chris Silva","1612709929","College Park","Skyhawks","CPS","0","0",NA,NA,NA,NA,NA,"0",0
"2052200040","505","3","30","4","8:40 PM","9:31","MISS Williams Free Throw 1PT",NA,NA,NA,NA,"4","1631109","Mark Williams","1612709922","Greensboro","Swarm","GBO","0","0",NA,NA,NA,NA,NA,"0","0",NA,NA,NA,NA,NA,"0",0
"2052200040","506","4","0","4","8:40 PM","9:29",NA,NA,"Silva REBOUND (Off:3 Def:6)",NA,NA,"5","1629735","Chris Silva","1612709929","College Park","Skyhawks","CPS","0","0",NA,NA,NA,NA,NA,"0","0",NA,NA,NA,NA,NA,"0",0
"2052200040","507","2","5","4","8:40 PM","9:16",NA,NA,"MISS Silva 5' Layup",NA,NA,"5","1629735","Chris Silva","1612709929","College Park","Skyhawks","CPS","0","0",NA,NA,NA,NA,NA,"0","0",NA,NA,NA,NA,NA,"0",0
"2052200040","508","4","0","4","8:40 PM","9:13","Williams REBOUND (Off:3 Def:7)",NA,NA,NA,NA,"4","1631109","Mark Williams","1612709922","Greensboro","Swarm","GBO","0","0",NA,NA,NA,NA,NA,"0","0",NA,NA,NA,NA,NA,"0",0
"2052200040","509","2","1","4","8:40 PM","9:10","MISS McGowens 30' 3PT Jump Shot",NA,NA,NA,NA,"4","1631121","Bryce McGowens","1612709922","Greensboro","Swarm","GBO","0","0",NA,NA,NA,NA,NA,"0","0",NA,NA,NA,NA,NA,"0",0
"2052200040","510","4","0","4","8:40 PM","9:06",NA,NA,"Silva REBOUND (Off:3 Def:7)",NA,NA,"5","1629735","Chris Silva","1612709929","College Park","Skyhawks","CPS","0","0",NA,NA,NA,NA,NA,"0","0",NA,NA,NA,NA,NA,"0",0
"2052200040","511","6","2","4","8:40 PM","9:03","Simmons S.FOUL (P5.T2)",NA,NA,NA,NA,"4","1628424","Kobi Simmons","1612709922","Greensboro","Swarm","GBO","5","1630314","Brandon Williams","1612709929","College Park","Skyhawks","CPS","1","0",NA,NA,NA,NA,NA,"0",0
"2052200040","513","8","0","4","8:41 PM","9:03","SUB: Sims FOR Simmons",NA,NA,NA,NA,"4","1628424","Kobi Simmons","1612709922","Greensboro","Swarm","GBO","4","1631301","Jaylen Sims","1612709922","Greensboro","Swarm","GBO","0","0",NA,NA,NA,NA,NA,"0",0
"2052200040","515","3","31","4","8:41 PM","9:03",NA,NA,"MISS Williams Free Throw 2PT",NA,NA,"5","1630314","Brandon Williams","1612709929","College Park","Skyhawks","CPS","0","0",NA,NA,NA,NA,NA,"0","0",NA,NA,NA,NA,NA,"0",0
"2052200040","516","4","0","4","8:41 PM","9:00","McGowens REBOUND (Off:0 Def:4)",NA,NA,NA,NA,"4","1631121","Bryce McGowens","1612709922","Greensboro","Swarm","GBO","0","0",NA,NA,NA,NA,NA,"0","0",NA,NA,NA,NA,NA,"0",0
"2052200040","517","6","2","4","8:41 PM","8:53",NA,NA,"Ellison S.FOUL (P5.T2)",NA,NA,"5","1630707","Malik Ellison","1612709929","College Park","Skyhawks","CPS","4","1631121","Bryce McGowens","1612709922","Greensboro","Swarm","GBO","1","0",NA,NA,NA,NA,NA,"0",0
"2052200040","519","8","0","4","8:42 PM","8:53",NA,NA,"SUB: Etienne FOR Ellison",NA,NA,"5","1630707","Malik Ellison","1612709929","College Park","Skyhawks","CPS","5","1630623","Tyson Etienne","1612709929","College Park","Skyhawks","CPS","0","0",NA,NA,NA,NA,NA,"0",0
"2052200040","521","3","31","4","8:42 PM","8:53","MISS McGowens Free Throw 2PT",NA,NA,NA,NA,"4","1631121","Bryce McGowens","1612709922","Greensboro","Swarm","GBO","0","0",NA,NA,NA,NA,NA,"0","0",NA,NA,NA,NA,NA,"0",0
"2052200040","522","4","0","4","8:42 PM","8:51",NA,NA,"Silva REBOUND (Off:3 Def:8)",NA,NA,"5","1629735","Chris Silva","1612709929","College Park","Skyhawks","CPS","0","0",NA,NA,NA,NA,NA,"0","0",NA,NA,NA,NA,NA,"0",0
"2052200040","523","1","6","4","8:42 PM","8:41",NA,NA,"Williams 5' Driving Layup (20 PTS)","97 - 94","-3","5","1630314","Brandon Williams","1612709929","College Park","Skyhawks","CPS","0","0",NA,NA,NA,NA,NA,"0","0",NA,NA,NA,NA,NA,"0",0
"2052200040","524","2","71","4","8:42 PM","8:27","MISS Williams 7' Finger Roll Layup",NA,NA,NA,NA,"4","1631109","Mark Williams","1612709922","Greensboro","Swarm","GBO","0","0",NA,NA,NA,NA,NA,"0","0",NA,NA,NA,NA,NA,"0",0
"2052200040","525","4","0","4","8:43 PM","8:24",NA,NA,"Brooks REBOUND (Off:0 Def:3)",NA,NA,"5","1629717","Armoni Brooks","1612709929","College Park","Skyhawks","CPS","0","0",NA,NA,NA,NA,NA,"0","0",NA,NA,NA,NA,NA,"0",0
"2052200040","526","2","5","4","8:43 PM","8:17",NA,NA,"MISS Brooks 4' Layup",NA,NA,"5","1629717","Armoni Brooks","1612709929","College Park","Skyhawks","CPS","0","0",NA,NA,NA,NA,NA,"0","0",NA,NA,NA,NA,NA,"0",0
"2052200040","527","4","0","4","8:43 PM","8:17",NA,NA,"Lawson REBOUND (Off:2 Def:3)",NA,NA,"5","1630639","A.J. Lawson","1612709929","College Park","Skyhawks","CPS","0","0",NA,NA,NA,NA,NA,"0","0",NA,NA,NA,NA,NA,"0",0
"2052200040","528","6","1","4","8:43 PM","8:12","McGowens P.FOUL (P3.T3)",NA,NA,NA,NA,"4","1631121","Bryce McGowens","1612709922","Greensboro","Swarm","GBO","5","1630314","Brandon Williams","1612709929","College Park","Skyhawks","CPS","1","0",NA,NA,NA,NA,NA,"0",0
"2052200040","530","8","0","4","8:43 PM","8:12","SUB: Whaley FOR Williams",NA,NA,NA,NA,"4","1631109","Mark Williams","1612709922","Greensboro","Swarm","GBO","4","1631348","Isaiah Whaley","1612709922","Greensboro","Swarm","GBO","0","0",NA,NA,NA,NA,NA,"0",0
"2052200040","532","2","79","4","8:43 PM","8:07",NA,NA,"MISS Williams 26' 3PT Pullup Jump Shot",NA,NA,"5","1630314","Brandon Williams","1612709929","College Park","Skyhawks","CPS","0","0",NA,NA,NA,NA,NA,"0","0",NA,NA,NA,NA,NA,"0",0
"2052200040","533","4","0","4","8:43 PM","8:04","Sims REBOUND (Off:0 Def:9)",NA,NA,NA,NA,"4","1631301","Jaylen Sims","1612709922","Greensboro","Swarm","GBO","0","0",NA,NA,NA,NA,NA,"0","0",NA,NA,NA,NA,NA,"0",0
"2052200040","534","1","108","4","8:44 PM","7:52","McGowens 4' Cutting Dunk Shot (21 PTS) (Alexander 5 AST)",NA,NA,"97 - 96","-1","4","1631121","Bryce McGowens","1612709922","Greensboro","Swarm","GBO","4","1630234","Ty-Shon Alexander","1612709922","Greensboro","Swarm","GBO","0","0",NA,NA,NA,NA,NA,"0",0
"2052200040","536","1","1","4","8:44 PM","7:35",NA,NA,"Lawson 3PT Jump Shot (13 PTS) (Williams 10 AST)","100 - 96","-4","5","1630639","A.J. Lawson","1612709929","College Park","Skyhawks","CPS","5","1630314","Brandon Williams","1612709929","College Park","Skyhawks","CPS","0","0",NA,NA,NA,NA,NA,"0",0
"2052200040","538","2","5","4","8:44 PM","7:24","MISS Whaley 3' Layup",NA,NA,NA,NA,"4","1631348","Isaiah Whaley","1612709922","Greensboro","Swarm","GBO","0","0",NA,NA,NA,NA,NA,"0","0",NA,NA,NA,NA,NA,"0",0
"2052200040","539","4","0","4","8:44 PM","7:20","Whaley REBOUND (Off:1 Def:2)",NA,NA,NA,NA,"4","1631348","Isaiah Whaley","1612709922","Greensboro","Swarm","GBO","0","0",NA,NA,NA,NA,NA,"0","0",NA,NA,NA,NA,NA,"0",0
"2052200040","540","1","97","4","8:44 PM","7:19","Whaley 6' Tip Layup Shot (6 PTS)",NA,NA,"100 - 98","-2","4","1631348","Isaiah Whaley","1612709922","Greensboro","Swarm","GBO","0","0",NA,NA,NA,NA,NA,"0","0",NA,NA,NA,NA,NA,"0",0
"2052200040","541","2","5","4","8:44 PM","7:04",NA,NA,"MISS Lawson 5' Layup",NA,NA,"5","1630639","A.J. Lawson","1612709929","College Park","Skyhawks","CPS","0","0",NA,NA,NA,NA,NA,"0","0",NA,NA,NA,NA,NA,"0",0
"2052200040","542","4","0","4","8:44 PM","7:02",NA,NA,"Silva REBOUND (Off:4 Def:8)",NA,NA,"5","1629735","Chris Silva","1612709929","College Park","Skyhawks","CPS","0","0",NA,NA,NA,NA,NA,"0","0",NA,NA,NA,NA,NA,"0",0
"2052200040","543","6","1","4","8:45 PM","7:02","Whaley P.FOUL (P3.T4)",NA,NA,NA,NA,"4","1631348","Isaiah Whaley","1612709922","Greensboro","Swarm","GBO","5","1630639","A.J. Lawson","1612709929","College Park","Skyhawks","CPS","1","0",NA,NA,NA,NA,NA,"0",0
"2052200040","545","1","6","4","8:45 PM","6:55",NA,NA,"Williams 4' Driving Layup (22 PTS)","102 - 98","-4","5","1630314","Brandon Williams","1612709929","College Park","Skyhawks","CPS","0","0",NA,NA,NA,NA,NA,"0","0",NA,NA,NA,NA,NA,"0",0
"2052200040","546","7","5","4","8:45 PM","6:45",NA,NA,"Williams Violation:Kicked Ball",NA,NA,"5","1630314","Brandon Williams","1612709929","College Park","Skyhawks","CPS","0","0",NA,NA,NA,NA,NA,"1","0",NA,NA,NA,NA,NA,"0",0
"2052200040","547","9","1","4","8:45 PM","6:45","SWARM Timeout: Regular (Full 4 Short 0)",NA,NA,NA,NA,"2","1612709922",NA,NA,NA,NA,NA,"0","0",NA,NA,NA,NA,NA,"0","0",NA,NA,NA,NA,NA,"0",0
"2052200040","548","8","0","4","8:47 PM","6:45","SUB: Simmons FOR Crutcher",NA,NA,NA,NA,"4","1630622","Jalen Crutcher","1612709922","Greensboro","Swarm","GBO","4","1628424","Kobi Simmons","1612709922","Greensboro","Swarm","GBO","0","0",NA,NA,NA,NA,NA,"0",0
"2052200040","550","2","108","4","8:47 PM","6:39","MISS Sims 3' Cutting Dunk Shot",NA,"Silva BLOCK (2 BLK)",NA,NA,"4","1631301","Jaylen Sims","1612709922","Greensboro","Swarm","GBO","0","0",NA,NA,NA,NA,NA,"5","1629735","Chris Silva","1612709929","College Park","Skyhawks","CPS","0",0
"2052200040","552","4","0","4","8:48 PM","6:35",NA,NA,"Silva REBOUND (Off:4 Def:9)",NA,NA,"5","1629735","Chris Silva","1612709929","College Park","Skyhawks","CPS","0","0",NA,NA,NA,NA,NA,"0","0",NA,NA,NA,NA,NA,"0",0
"2052200040","553","2","79","4","8:48 PM","6:13",NA,NA,"MISS Williams 10' Pullup Jump Shot",NA,NA,"5","1630314","Brandon Williams","1612709929","College Park","Skyhawks","CPS","0","0",NA,NA,NA,NA,NA,"0","0",NA,NA,NA,NA,NA,"0",0
"2052200040","554","4","0","4","8:48 PM","6:12","Sims REBOUND (Off:0 Def:10)",NA,NA,NA,NA,"4","1631301","Jaylen Sims","1612709922","Greensboro","Swarm","GBO","0","0",NA,NA,NA,NA,NA,"0","0",NA,NA,NA,NA,NA,"0",0
"2052200040","555","6","11","4","8:48 PM","6:12",NA,NA,"Williams T.FOUL (P2.T2)",NA,NA,"5","1630314","Brandon Williams","1612709929","College Park","Skyhawks","CPS","0","0",NA,NA,NA,NA,NA,"1","0",NA,NA,NA,NA,NA,"0",0
"2052200040","556","3","38","4","8:48 PM","6:12","MISS Simmons Free Technical 1PT",NA,NA,NA,NA,"4","1628424","Kobi Simmons","1612709922","Greensboro","Swarm","GBO","0","0",NA,NA,NA,NA,NA,"0","0",NA,NA,NA,NA,NA,"0",0
"2052200040","557","4","1","4","8:48 PM","6:12","SWARM Rebound",NA,NA,NA,NA,"2","1612709922",NA,NA,NA,NA,NA,"0","0",NA,NA,NA,NA,NA,"0","0",NA,NA,NA,NA,NA,"0",0
"2052200040","558","8","0","4","8:48 PM","6:12","SUB: Williams FOR Whaley",NA,NA,NA,NA,"4","1631348","Isaiah Whaley","1612709922","Greensboro","Swarm","GBO","4","1631109","Mark Williams","1612709922","Greensboro","Swarm","GBO","0","0",NA,NA,NA,NA,NA,"0",0
"2052200040","560","1","108","4","8:49 PM","5:57","Williams 2' Cutting Dunk Shot (22 PTS) (McGowens 5 AST)",NA,NA,"102 - 100","-2","4","1631109","Mark Williams","1612709922","Greensboro","Swarm","GBO","4","1631121","Bryce McGowens","1612709922","Greensboro","Swarm","GBO","0","0",NA,NA,NA,NA,NA,"0",0
"2052200040","562","6","1","4","8:49 PM","5:44","Simmons P.FOUL (P6.PN)",NA,NA,NA,NA,"4","1628424","Kobi Simmons","1612709922","Greensboro","Swarm","GBO","5","1630314","Brandon Williams","1612709929","College Park","Skyhawks","CPS","1","0",NA,NA,NA,NA,NA,"0",0
"2052200040","564","8","0","4","8:49 PM","5:44","SUB: Crutcher FOR Simmons",NA,NA,NA,NA,"4","1628424","Kobi Simmons","1612709922","Greensboro","Swarm","GBO","4","1630622","Jalen Crutcher","1612709922","Greensboro","Swarm","GBO","0","0",NA,NA,NA,NA,NA,"0",0
"2052200040","566","3","31","4","8:50 PM","5:44",NA,NA,"Williams Free Throw 2PT (24 PTS)","104 - 100","-4","5","1630314","Brandon Williams","1612709929","College Park","Skyhawks","CPS","0","0",NA,NA,NA,NA,NA,"0","0",NA,NA,NA,NA,NA,"0",0
"2052200040","567","2","1","4","8:50 PM","5:25","MISS Alexander 24' 3PT Jump Shot",NA,NA,NA,NA,"4","1630234","Ty-Shon Alexander","1612709922","Greensboro","Swarm","GBO","0","0",NA,NA,NA,NA,NA,"0","0",NA,NA,NA,NA,NA,"0",0
"2052200040","568","4","0","4","8:50 PM","5:20",NA,NA,"Lawson REBOUND (Off:2 Def:4)",NA,NA,"5","1630639","A.J. Lawson","1612709929","College Park","Skyhawks","CPS","0","0",NA,NA,NA,NA,NA,"0","0",NA,NA,NA,NA,NA,"0",0
"2052200040","569","5","2","4","8:51 PM","5:11","McGowens STEAL (2 STL)",NA,"Silva Lost Ball Turnover (P1.T11)",NA,NA,"5","1629735","Chris Silva","1612709929","College Park","Skyhawks","CPS","4","1631121","Bryce McGowens","1612709922","Greensboro","Swarm","GBO","0","0",NA,NA,NA,NA,NA,"0",0
"2052200040","571","2","5","4","8:51 PM","5:06","MISS Williams 5' Layup",NA,NA,NA,NA,"4","1631109","Mark Williams","1612709922","Greensboro","Swarm","GBO","0","0",NA,NA,NA,NA,NA,"0","0",NA,NA,NA,NA,NA,"0",0
"2052200040","572","4","0","4","8:51 PM","5:06","Williams REBOUND (Off:4 Def:7)",NA,NA,NA,NA,"4","1631109","Mark Williams","1612709922","Greensboro","Swarm","GBO","0","0",NA,NA,NA,NA,NA,"0","0",NA,NA,NA,NA,NA,"0",0
"2052200040","573","6","2","4","8:51 PM","5:06",NA,NA,"Lawson S.FOUL (P4.T3)",NA,NA,"5","1630639","A.J. Lawson","1612709929","College Park","Skyhawks","CPS","4","1631109","Mark Williams","1612709922","Greensboro","Swarm","GBO","1","0",NA,NA,NA,NA,NA,"0",0
"2052200040","575","3","31","4","8:51 PM","5:06","MISS Williams Free Throw 2PT",NA,NA,NA,NA,"4","1631109","Mark Williams","1612709922","Greensboro","Swarm","GBO","0","0",NA,NA,NA,NA,NA,"0","0",NA,NA,NA,NA,NA,"0",0
"2052200040","576","4","0","4","8:51 PM","5:03",NA,NA,"Silva REBOUND (Off:4 Def:10)",NA,NA,"5","1629735","Chris Silva","1612709929","College Park","Skyhawks","CPS","0","0",NA,NA,NA,NA,NA,"0","0",NA,NA,NA,NA,NA,"0",0
"2052200040","577","5","4","4","8:52 PM","4:48",NA,NA,"Williams Traveling Turnover (P5.T12)",NA,NA,"5","1630314","Brandon Williams","1612709929","College Park","Skyhawks","CPS","0","0",NA,NA,NA,NA,NA,"1","0",NA,NA,NA,NA,NA,"0",0
"2052200040","578","2","86","4","8:52 PM","4:29","MISS Williams 8' Turnaround Fadeaway Shot",NA,NA,NA,NA,"4","1631109","Mark Williams","1612709922","Greensboro","Swarm","GBO","0","0",NA,NA,NA,NA,NA,"0","0",NA,NA,NA,NA,NA,"0",0
"2052200040","579","4","0","4","8:52 PM","4:27",NA,NA,"Silva REBOUND (Off:4 Def:11)",NA,NA,"5","1629735","Chris Silva","1612709929","College Park","Skyhawks","CPS","0","0",NA,NA,NA,NA,NA,"0","0",NA,NA,NA,NA,NA,"0",0
"2052200040","580","9","1","4","8:52 PM","4:25",NA,NA,"Skyhawks Timeout: Regular (Reg.4 Short 0)",NA,NA,"3","1612709929",NA,NA,NA,NA,NA,"0","0",NA,NA,NA,NA,NA,"0","0",NA,NA,NA,NA,NA,"0",0
"2052200040","581","8","0","4","8:54 PM","4:25",NA,NA,"SUB: Ellison FOR Etienne",NA,NA,"5","1630623","Tyson Etienne","1612709929","College Park","Skyhawks","CPS","5","1630707","Malik Ellison","1612709929","College Park","Skyhawks","CPS","0","0",NA,NA,NA,NA,NA,"0",0
"2052200040","583","1","79","4","8:55 PM","4:17",NA,NA,"Brooks 15' Pullup Jump Shot (33 PTS) (Silva 4 AST)","106 - 100","-6","5","1629717","Armoni Brooks","1612709929","College Park","Skyhawks","CPS","5","1629735","Chris Silva","1612709929","College Park","Skyhawks","CPS","0","0",NA,NA,NA,NA,NA,"0",0
"2052200040","585","1","1","4","8:55 PM","3:52","McGowens 24' 3PT Jump Shot (24 PTS) (Crutcher 4 AST)",NA,NA,"106 - 103","-3","4","1631121","Bryce McGowens","1612709922","Greensboro","Swarm","GBO","4","1630622","Jalen Crutcher","1612709922","Greensboro","Swarm","GBO","0","0",NA,NA,NA,NA,NA,"0",0
"2052200040","587","1","79","4","8:55 PM","3:37",NA,NA,"Brooks 11' Pullup Jump Shot (35 PTS)","108 - 103","-5","5","1629717","Armoni Brooks","1612709929","College Park","Skyhawks","CPS","0","0",NA,NA,NA,NA,NA,"0","0",NA,NA,NA,NA,NA,"0",0
"2052200040","588","6","2","4","8:56 PM","3:23",NA,NA,"Silva S.FOUL (P2.T4)",NA,NA,"5","1629735","Chris Silva","1612709929","College Park","Skyhawks","CPS","4","1631121","Bryce McGowens","1612709922","Greensboro","Swarm","GBO","1","0",NA,NA,NA,NA,NA,"0",0
"2052200040","590","3","31","4","8:56 PM","3:23","McGowens Free Throw 2PT (26 PTS)",NA,NA,"108 - 105","-3","4","1631121","Bryce McGowens","1612709922","Greensboro","Swarm","GBO","0","0",NA,NA,NA,NA,NA,"0","0",NA,NA,NA,NA,NA,"0",0
"2052200040","591","9","1","4","8:56 PM","3:23",NA,NA,"Skyhawks Timeout: Regular (Reg.5 Short 0)",NA,NA,"3","1612709929",NA,NA,NA,NA,NA,"0","0",NA,NA,NA,NA,NA,"0","0",NA,NA,NA,NA,NA,"0",0
"2052200040","592","7","1","4","8:57 PM","3:23","SWARM Violation: Delay of game Violation",NA,NA,NA,NA,"2","1612709922",NA,NA,NA,NA,NA,"0","0",NA,NA,NA,NA,NA,"1","0",NA,NA,NA,NA,NA,"0",0
"2052200040","593","6","1","4","8:57 PM","3:13","Alexander P.FOUL (P2.PN)",NA,NA,NA,NA,"4","1630234","Ty-Shon Alexander","1612709922","Greensboro","Swarm","GBO","5","1629717","Armoni Brooks","1612709929","College Park","Skyhawks","CPS","1","0",NA,NA,NA,NA,NA,"0",0
"2052200040","595","3","31","4","8:58 PM","3:13",NA,NA,"Brooks Free Throw 2PT (37 PTS)","110 - 105","-5","5","1629717","Armoni Brooks","1612709929","College Park","Skyhawks","CPS","0","0",NA,NA,NA,NA,NA,"0","0",NA,NA,NA,NA,NA,"0",0
"2052200040","596","9","1","4","8:58 PM","3:04","SWARM Timeout: Regular (Full 5 Short 0)",NA,NA,NA,NA,"2","1612709922",NA,NA,NA,NA,NA,"0","0",NA,NA,NA,NA,NA,"0","0",NA,NA,NA,NA,NA,"0",0
"2052200040","598","2","63","4","9:00 PM","2:48","MISS Williams 13' Fadeaway Jumper",NA,NA,NA,NA,"4","1631109","Mark Williams","1612709922","Greensboro","Swarm","GBO","0","0",NA,NA,NA,NA,NA,"0","0",NA,NA,NA,NA,NA,"0",0
"2052200040","599","4","0","4","9:00 PM","2:48","SWARM Rebound",NA,NA,NA,NA,"2","1612709922",NA,NA,NA,NA,NA,"0","0",NA,NA,NA,NA,NA,"0","0",NA,NA,NA,NA,NA,"0",0
"2052200040","600","5","11","4","9:00 PM","2:48","SWARM Turnover: Shot Clock (T#20)",NA,NA,NA,NA,"2","1612709922",NA,NA,NA,NA,NA,"0","0",NA,NA,NA,NA,NA,"1","0",NA,NA,NA,NA,NA,"0",0
"2052200040","601","1","6","4","9:00 PM","2:38",NA,NA,"Williams 3' Driving Layup (26 PTS) (Lawson 2 AST)","112 - 105","-7","5","1630314","Brandon Williams","1612709929","College Park","Skyhawks","CPS","5","1630639","A.J. Lawson","1612709929","College Park","Skyhawks","CPS","0","0",NA,NA,NA,NA,NA,"0",0
"2052200040","603","5","1","4","9:00 PM","2:20","Alexander Bad Pass Turnover (P3.T21)",NA,"Williams STEAL (2 STL)",NA,NA,"4","1630234","Ty-Shon Alexander","1612709922","Greensboro","Swarm","GBO","5","1630314","Brandon Williams","1612709929","College Park","Skyhawks","CPS","0","0",NA,NA,NA,NA,NA,"0",0
"2052200040","605","2","79","4","9:01 PM","2:07",NA,NA,"MISS Lawson 17' Pullup Jump Shot",NA,NA,"5","1630639","A.J. Lawson","1612709929","College Park","Skyhawks","CPS","0","0",NA,NA,NA,NA,NA,"0","0",NA,NA,NA,NA,NA,"0",0
"2052200040","606","4","0","4","9:01 PM","2:03","Alexander REBOUND (Off:1 Def:2)",NA,NA,NA,NA,"4","1630234","Ty-Shon Alexander","1612709922","Greensboro","Swarm","GBO","0","0",NA,NA,NA,NA,NA,"0","0",NA,NA,NA,NA,NA,"0",0
"2052200040","607","1","75","4","9:01 PM","1:55","McGowens 5' Driving Finger Roll Layup (28 PTS) (Alexander 6 AST)",NA,NA,"112 - 107","-5","4","1631121","Bryce McGowens","1612709922","Greensboro","Swarm","GBO","4","1630234","Ty-Shon Alexander","1612709922","Greensboro","Swarm","GBO","0","0",NA,NA,NA,NA,NA,"0",0
"2052200040","609","6","2","4","9:01 PM","1:40","McGowens S.FOUL (P4.PN)",NA,NA,NA,NA,"4","1631121","Bryce McGowens","1612709922","Greensboro","Swarm","GBO","5","1630314","Brandon Williams","1612709929","College Park","Skyhawks","CPS","1","0",NA,NA,NA,NA,NA,"0",0
"2052200040","611","3","11","4","9:02 PM","1:40",NA,NA,"MISS Williams Free Throw 1 of 2",NA,NA,"5","1630314","Brandon Williams","1612709929","College Park","Skyhawks","CPS","0","0",NA,NA,NA,NA,NA,"0","0",NA,NA,NA,NA,NA,"0",0
"2052200040","612","4","1","4","9:02 PM","1:40",NA,NA,"Skyhawks Rebound",NA,NA,"3","1612709929",NA,NA,NA,NA,NA,"0","0",NA,NA,NA,NA,NA,"0","0",NA,NA,NA,NA,NA,"0",0
"2052200040","613","3","12","4","9:02 PM","1:40",NA,NA,"MISS Williams Free Throw 2 of 2",NA,NA,"5","1630314","Brandon Williams","1612709929","College Park","Skyhawks","CPS","0","0",NA,NA,NA,NA,NA,"0","0",NA,NA,NA,NA,NA,"0",0
"2052200040","614","4","0","4","9:02 PM","1:37","McGowens REBOUND (Off:0 Def:5)",NA,NA,NA,NA,"4","1631121","Bryce McGowens","1612709922","Greensboro","Swarm","GBO","0","0",NA,NA,NA,NA,NA,"0","0",NA,NA,NA,NA,NA,"0",0
"2052200040","615","1","6","4","9:02 PM","1:29","McGowens 4' Driving Layup (30 PTS)",NA,NA,"112 - 109","-3","4","1631121","Bryce McGowens","1612709922","Greensboro","Swarm","GBO","0","0",NA,NA,NA,NA,NA,"0","0",NA,NA,NA,NA,NA,"0",0
"2052200040","616","2","80","4","9:03 PM","1:15",NA,NA,"MISS Williams 19' Step Back Jump Shot",NA,NA,"5","1630314","Brandon Williams","1612709929","College Park","Skyhawks","CPS","0","0",NA,NA,NA,NA,NA,"0","0",NA,NA,NA,NA,NA,"0",0
"2052200040","617","4","0","4","9:03 PM","1:11","Williams REBOUND (Off:4 Def:8)",NA,NA,NA,NA,"4","1631109","Mark Williams","1612709922","Greensboro","Swarm","GBO","0","0",NA,NA,NA,NA,NA,"0","0",NA,NA,NA,NA,NA,"0",0
"2052200040","618","2","1","4","9:03 PM","1:03","MISS McGowens 26' 3PT Jump Shot",NA,NA,NA,NA,"4","1631121","Bryce McGowens","1612709922","Greensboro","Swarm","GBO","0","0",NA,NA,NA,NA,NA,"0","0",NA,NA,NA,NA,NA,"0",0
"2052200040","619","4","0","4","9:03 PM","1:03",NA,NA,"Skyhawks Rebound",NA,NA,"3","1612709929",NA,NA,NA,NA,NA,"0","0",NA,NA,NA,NA,NA,"0","0",NA,NA,NA,NA,NA,"0",0
"2052200040","620","6","3","4","9:03 PM","1:03","Williams L.B.FOUL (P3.PN)",NA,NA,NA,NA,"4","1631109","Mark Williams","1612709922","Greensboro","Swarm","GBO","5","1629735","Chris Silva","1612709929","College Park","Skyhawks","CPS","1","0",NA,NA,NA,NA,NA,"0",0
"2052200040","622","3","11","4","9:03 PM","1:03",NA,NA,"Silva Free Throw 1 of 2 (21 PTS)","113 - 109","-4","5","1629735","Chris Silva","1612709929","College Park","Skyhawks","CPS","0","0",NA,NA,NA,NA,NA,"0","0",NA,NA,NA,NA,NA,"0",0
"2052200040","623","3","12","4","9:04 PM","1:03",NA,NA,"Silva Free Throw 2 of 2 (22 PTS)","114 - 109","-5","5","1629735","Chris Silva","1612709929","College Park","Skyhawks","CPS","0","0",NA,NA,NA,NA,NA,"0","0",NA,NA,NA,NA,NA,"0",0
"2052200040","624","9","1","4","9:04 PM","1:03","SWARM Timeout: Regular (Full 6 Short 0)",NA,NA,NA,NA,"2","1612709922",NA,NA,NA,NA,NA,"0","0",NA,NA,NA,NA,NA,"0","0",NA,NA,NA,NA,NA,"0",0
"2052200040","625","9","1","4","9:05 PM","1:03","SWARM Timeout: Regular (Full 7 Short 0)",NA,NA,NA,NA,"2","1612709922",NA,NA,NA,NA,NA,"0","0",NA,NA,NA,NA,NA,"0","0",NA,NA,NA,NA,NA,"0",0
"2052200040","626","1","7","4","9:06 PM","0:55","Williams 2' Dunk (24 PTS) (Alexander 7 AST)",NA,NA,"114 - 111","-3","4","1631109","Mark Williams","1612709922","Greensboro","Swarm","GBO","4","1630234","Ty-Shon Alexander","1612709922","Greensboro","Swarm","GBO","0","0",NA,NA,NA,NA,NA,"0",0
"2052200040","628","1","80","4","9:06 PM","0:45",NA,NA,"Brooks 26' 3PT Step Back Jump Shot (40 PTS) (Williams 11 AST)","117 - 111","-6","5","1629717","Armoni Brooks","1612709929","College Park","Skyhawks","CPS","5","1630314","Brandon Williams","1612709929","College Park","Skyhawks","CPS","0","0",NA,NA,NA,NA,NA,"0",0
"2052200040","630","2","1","4","9:07 PM","0:33","MISS McGowens 24' 3PT Jump Shot",NA,NA,NA,NA,"4","1631121","Bryce McGowens","1612709922","Greensboro","Swarm","GBO","0","0",NA,NA,NA,NA,NA,"0","0",NA,NA,NA,NA,NA,"0",0
"2052200040","631","4","0","4","9:07 PM","0:31","Williams REBOUND (Off:5 Def:8)",NA,NA,NA,NA,"4","1631109","Mark Williams","1612709922","Greensboro","Swarm","GBO","0","0",NA,NA,NA,NA,NA,"0","0",NA,NA,NA,NA,NA,"0",0
"2052200040","632","1","72","4","9:07 PM","0:31","Williams 3' Putback Layup (26 PTS)",NA,NA,"117 - 113","-4","4","1631109","Mark Williams","1612709922","Greensboro","Swarm","GBO","0","0",NA,NA,NA,NA,NA,"0","0",NA,NA,NA,NA,NA,"0",0
"2052200040","633","9","6","4","9:07 PM","0:30",NA,NA,"Skyhawks Timeout: Reset (Reg.5 Short 0)",NA,NA,"3","1612709929",NA,NA,NA,NA,NA,"0","0",NA,NA,NA,NA,NA,"0","0",NA,NA,NA,NA,NA,"0",0
"2052200040","634","8","0","4","9:07 PM","0:30",NA,NA,"SUB: Etienne FOR Ellison",NA,NA,"5","1630707","Malik Ellison","1612709929","College Park","Skyhawks","CPS","5","1630623","Tyson Etienne","1612709929","College Park","Skyhawks","CPS","0","0",NA,NA,NA,NA,NA,"0",0
"2052200040","636","9","1","4","9:08 PM","0:27",NA,NA,"Skyhawks Timeout: Regular (Reg.6 Short 0)",NA,NA,"3","1612709929",NA,NA,NA,NA,NA,"0","0",NA,NA,NA,NA,NA,"0","0",NA,NA,NA,NA,NA,"0",0
"2052200040","637","5","1","4","9:09 PM","0:21","McGowens STEAL (3 STL)",NA,"Williams Bad Pass Turnover (P6.T13)",NA,NA,"5","1630314","Brandon Williams","1612709929","College Park","Skyhawks","CPS","4","1631121","Bryce McGowens","1612709922","Greensboro","Swarm","GBO","0","0",NA,NA,NA,NA,NA,"0",0
"2052200040","639","6","1","4","9:09 PM","0:21",NA,NA,"Silva P.FOUL (P3.PN)",NA,NA,"5","1629735","Chris Silva","1612709929","College Park","Skyhawks","CPS","4","1631121","Bryce McGowens","1612709922","Greensboro","Swarm","GBO","1","0",NA,NA,NA,NA,NA,"0",0
"2052200040","641","3","11","4","9:09 PM","0:21","McGowens Free Throw 1 of 2 (31 PTS)",NA,NA,"117 - 114","-3","4","1631121","Bryce McGowens","1612709922","Greensboro","Swarm","GBO","0","0",NA,NA,NA,NA,NA,"0","0",NA,NA,NA,NA,NA,"0",0
"2052200040","642","3","12","4","9:09 PM","0:21","McGowens Free Throw 2 of 2 (32 PTS)",NA,NA,"117 - 115","-2","4","1631121","Bryce McGowens","1612709922","Greensboro","Swarm","GBO","0","0",NA,NA,NA,NA,NA,"0","0",NA,NA,NA,NA,NA,"0",0
"2052200040","643","9","1","4","9:10 PM","0:21",NA,NA,"Skyhawks Timeout: Regular (Reg.7 Short 0)",NA,NA,"3","1612709929",NA,NA,NA,NA,NA,"0","0",NA,NA,NA,NA,NA,"0","0",NA,NA,NA,NA,NA,"0",0
"2052200040","644","5","2","4","9:11 PM","0:15","Alexander STEAL (2 STL)",NA,"Brooks Lost Ball Turnover (P1.T14)",NA,NA,"5","1629717","Armoni Brooks","1612709929","College Park","Skyhawks","CPS","4","1630234","Ty-Shon Alexander","1612709922","Greensboro","Swarm","GBO","0","0",NA,NA,NA,NA,NA,"0",0
"2052200040","646","6","1","4","9:11 PM","0:14",NA,NA,"Brooks P.FOUL (P3.PN)",NA,NA,"5","1629717","Armoni Brooks","1612709929","College Park","Skyhawks","CPS","4","1631109","Mark Williams","1612709922","Greensboro","Swarm","GBO","1","0",NA,NA,NA,NA,NA,"0",0
"2052200040","648","3","11","4","9:11 PM","0:14","MISS Williams Free Throw 1 of 2",NA,NA,NA,NA,"4","1631109","Mark Williams","1612709922","Greensboro","Swarm","GBO","0","0",NA,NA,NA,NA,NA,"0","0",NA,NA,NA,NA,NA,"0",0
"2052200040","649","4","1","4","9:11 PM","0:14","SWARM Rebound",NA,NA,NA,NA,"2","1612709922",NA,NA,NA,NA,NA,"0","0",NA,NA,NA,NA,NA,"0","0",NA,NA,NA,NA,NA,"0",0
"2052200040","650","3","12","4","9:12 PM","0:14","Williams Free Throw 2 of 2 (27 PTS)",NA,NA,"117 - 116","-1","4","1631109","Mark Williams","1612709922","Greensboro","Swarm","GBO","0","0",NA,NA,NA,NA,NA,"0","0",NA,NA,NA,NA,NA,"0",0
"2052200040","651","5","39","4","9:12 PM","0:13",NA,NA,"Williams Step Out of Bounds Turnover (P7.T15)",NA,NA,"5","1630314","Brandon Williams","1612709929","College Park","Skyhawks","CPS","0","0",NA,NA,NA,NA,NA,"1","0",NA,NA,NA,NA,NA,"0",0
"2052200040","652","8","0","4","9:12 PM","0:13",NA,NA,"SUB: Ellison FOR Etienne",NA,NA,"5","1630623","Tyson Etienne","1612709929","College Park","Skyhawks","CPS","5","1630707","Malik Ellison","1612709929","College Park","Skyhawks","CPS","0","0",NA,NA,NA,NA,NA,"0",0
"2052200040","654","2","5","4","9:12 PM","0:11","MISS McGowens 2' Layup",NA,"Silva BLOCK (3 BLK)",NA,NA,"4","1631121","Bryce McGowens","1612709922","Greensboro","Swarm","GBO","0","0",NA,NA,NA,NA,NA,"5","1629735","Chris Silva","1612709929","College Park","Skyhawks","CPS","0",0
"2052200040","656","4","0","4","9:12 PM","0:10","Williams REBOUND (Off:6 Def:8)",NA,NA,NA,NA,"4","1631109","Mark Williams","1612709922","Greensboro","Swarm","GBO","0","0",NA,NA,NA,NA,NA,"0","0",NA,NA,NA,NA,NA,"0",0
"2052200040","657","1","72","4","9:12 PM","0:09","Williams 3' Putback Layup (29 PTS)",NA,NA,"117 - 118","1","4","1631109","Mark Williams","1612709922","Greensboro","Swarm","GBO","0","0",NA,NA,NA,NA,NA,"0","0",NA,NA,NA,NA,NA,"0",0
"2052200040","658","2","1","4","9:13 PM","0:01",NA,NA,"MISS Ellison 24' 3PT Jump Shot",NA,NA,"5","1630707","Malik Ellison","1612709929","College Park","Skyhawks","CPS","0","0",NA,NA,NA,NA,NA,"0","0",NA,NA,NA,NA,NA,"0",0
"2052200040","659","4","0","4","9:13 PM","0:01",NA,NA,"Skyhawks Rebound",NA,NA,"3","1612709929",NA,NA,NA,NA,NA,"0","0",NA,NA,NA,NA,NA,"0","0",NA,NA,NA,NA,NA,"0",0
"2052200040","660","13","0","4","9:16 PM","0:00",NA,"End of 4th Period (9:16 PM EST)",NA,"117 - 118","1","0","0",NA,NA,NA,NA,NA,"0","0",NA,NA,NA,NA,NA,"0","0",NA,NA,NA,NA,NA,"0",0
